0.1	0.09983341664682815	0.09985290093819078	1.9484291362628636e-05
0.10166666666666667	0.10149161749705049	0.10150984117714924	1.822368009875286e-05
0.10333333333333333	0.10314953642617836	0.1031665312872835	1.6994861105137926e-05
0.10500000000000001	0.1048071688288825	0.10482296621853568	1.579738965318267e-05
0.10666666666666667	0.10646451010062949	0.10647914092515269	1.4630824523201302e-05
0.10833333333333334	0.10812155563769467	0.10813505036568628	1.349472799161422e-05
0.11	0.10977830083717481	0.10979068950299295	1.23886658181388e-05
0.11166666666666668	0.11143474109700101	0.111446053304234	1.1312207232994087e-05
0.11333333333333334	0.11309087181595136	0.11310113674087542	1.0264924924063834e-05
0.115	0.11474668839366382	0.11475593478868806	9.246395024239962e-06
0.11666666666666667	0.11640218623064898	0.11641044242774753	8.25619709855785e-06
0.11833333333333335	0.1180573607283028	0.11806465464243425	7.293914131456525e-06
0.12000000000000001	0.11971220728891938	0.11971856642143329	6.3591325139139565e-06
0.12166666666666667	0.1213667213157038	0.12137217275773467	5.4514420308737765e-06
0.12333333333333334	0.12302089821278482	0.12302546864863305	4.570435848227916e-06
0.125	0.12467473338522769	0.12467844909572792	3.715710500229452e-06
0.12666666666666668	0.12632822223904688	0.1263311091049236	2.8868658767111643e-06
0.12833333333333335	0.1279813601812189	0.12798344368642905	2.083505210165315e-06
0.13	0.12963414261969486	0.1296354478547582	1.305235063336907e-06
0.13166666666666668	0.13128656496341362	0.13128711662872963	5.516653160120288e-07
0.13333333333333333	0.13293862262231407	0.13293844503146657	1.7759084749990883e-07
0.135	0.1345903110073483	0.1345894280903974	8.829169509116941e-07
0.13666666666666666	0.13624162553049404	0.13624006083725482	1.5646932392254786e-06
0.13833333333333334	0.13789256160476762	0.13789033830807676	2.2232966908619645e-06
0.14	0.1395431146442365	0.13954025554320557	2.859101030927569e-06
0.14166666666666666	0.14119328006403217	0.14118980758728847	3.4724767437044335e-06
0.14333333333333334	0.14284305328036292	0.14283898948927767	4.063791085251456e-06
0.14500000000000002	0.14449242971052642	0.14448779630242986	4.633408096560432e-06
0.14666666666666667	0.1461414047729225	0.14613622308430665	5.181688615851776e-06
0.14833333333333334	0.14778997388706597	0.14778426489677443	5.7089902915363755e-06
0.15000000000000002	0.14943813247359924	0.1494319168060044	6.215667594844376e-06
0.15166666666666667	0.15108587595430503	0.15107917388247236	6.702071832676015e-06
0.15333333333333335	0.15273319975211924	0.15272603120095915	7.16855116009163e-06
0.155	0.1543800992911434	0.1543724838405502	7.615450593217998e-06
0.15666666666666668	0.15602656999665776	0.15601852688463572	8.043112022043664e-06
0.15833333333333333	0.15767260729513352	0.15766415542091075	8.451874222770162e-06
0.16	0.15931820661424598	0.15930936454137523	8.84207287074612e-06
0.16166666666666668	0.16096336338288694	0.16095414934233365	9.214040553290337e-06
0.16333333333333333	0.16260807303117755	0.16259850492439532	9.568106782237296e-06
0.165	0.16425233099048098	0.1642424263924745	9.90459800648269e-06
0.16666666666666669	0.16589613269341505	0.16588590885579008	1.0223837624973031e-05
0.16833333333333333	0.16753947357386495	0.16752894742786567	1.0526145999278924e-05
0.17	0.16918234906699603	0.1691715372265299	1.0811840466140588e-05
0.1716666666666667	0.17082475460926624	0.1708136733739159	1.1081235350346441e-05
0.17333333333333334	0.17246668563843903	0.17245535099646175	1.1334641977278626e-05
0.17500000000000002	0.17410813759359597	0.17409656522491032	1.1572368685652812e-05
0.1766666666666667	0.17574910591514933	0.17573731119430908	1.179472084025801e-05
0.17833333333333334	0.17738958604485477	0.1773775840440104	1.2002000844363314e-05
0.18	0.17902957342582418	0.17901737891767153	1.2194508152651995e-05
0.18166666666666667	0.18066906350253809	0.1806566909632543	1.2372539283794781e-05
0.18333333333333335	0.18230805172085843	0.18229551533302546	1.2536387832967621e-05
0.185	0.18394653352804122	0.1839338471835564	1.2686344484813539e-05
0.18666666666666668	0.18558450437274915	0.18557168167572347	1.2822697025682839e-05
0.18833333333333335	0.18722195970506428	0.18720901397470763	1.2945730356650476e-05
0.19	0.18885889497650057	0.18884583924999468	1.3055726505895038e-05
0.19166666666666668	0.19049530564001674	0.19048215267537524	1.315296464149407e-05
0.19333333333333336	0.19213118715002864	0.19211794942894467	1.3237721083969589e-05
0.195	0.19376653496242194	0.193753224693103	1.3310269318944634e-05
0.19666666666666668	0.19540134453456498	0.19538797365455535	1.3370880009633268e-05
0.19833333333333336	0.19703561132532105	0.19702219150431124	1.3419821009802435e-05
0.2	0.19866933079506122	0.19865587343768515	1.345735737606768e-05
0.20166666666666666	0.20030249840567693	0.20028901465429638	1.3483751380549691e-05
0.20333333333333337	0.2019351096205926	0.20192161035806902	1.3499262523586353e-05
0.20500000000000002	0.203567159904778	0.2035536557572317	1.3504147546306022e-05
0.20666666666666667	0.2051986447247612	0.2051851460643181	1.3498660443117538e-05
0.20833333333333334	0.20682955954864105	0.20681607649616654	1.3483052474505541e-05
0.21000000000000002	0.20845989984609958	0.20844644227392023	1.345757217935395e-05
0.21166666666666667	0.2100896610884148	0.21007623862302693	1.34224653878523e-05
0.21333333333333335	0.2117188387484732	0.21170546077323946	1.3377975233735961e-05
0.21500000000000002	0.21334742830078232	0.21333410395861524	1.3324342167081449e-05
0.21666666666666667	0.2149754252214833	0.21496216341751645	1.3261803966851948e-05
0.21833333333333335	0.2166028249883636	0.21658963439261025	1.3190595753359569e-05
0.22000000000000003	0.21822962308086935	0.2182165121308683	1.3110950001060662e-05
0.22166666666666668	0.21985581498011791	0.2198427918835672	1.3023096550712765e-05
0.22333333333333333	0.22148139616891072	0.22146846890628835	1.292726262236421e-05
0.225	0.22310636213174545	0.22309353845891786	1.2823672827594335e-05
0.22666666666666668	0.22473070835482886	0.22471799580564664	1.271254918222553e-05
0.22833333333333336	0.2263544303260891	0.22634183621497034	1.2594111118757745e-05
0.23	0.2279775235351884	0.22796505495968938	1.2468575499025025e-05
0.2316666666666667	0.2295999834735356	0.2295876473169091	1.233615662651899e-05
0.23333333333333334	0.23122180563429856	0.2312096085680394	1.2197066259156397e-05
0.23500000000000001	0.2328429855124168	0.2328309339987952	1.2051513621602616e-05
0.2366666666666667	0.23446351860461387	0.23445161889919594	1.1899705417928175e-05
0.23833333333333334	0.23608340040941	0.23607165856356607	1.174184584393223e-05
0.24000000000000002	0.2377026264271346	0.23769104829053464	1.157813659996565e-05
0.24166666666666667	0.2393211921599386	0.23930978338303555	1.1408776903060192e-05
0.24333333333333335	0.2409390931118072	0.24092785914830755	1.1233963499640565e-05
0.24500000000000002	0.2425563247885721	0.24254527089789404	1.1053890678042189e-05
0.24666666666666667	0.24417288269792403	0.24416201394764322	1.0868750280806916e-05
0.24833333333333335	0.2457887623494255	0.24577808361770817	1.0678731717339573e-05
0.25	0.24740395925452294	0.24739347523254662	1.0484021976314706e-05
0.2516666666666667	0.24901846892655932	0.24900818412092127	1.028480563805556e-05
0.25333333333333335	0.2506322868807866	0.2506222056158992	1.0081264887384922e-05
0.255	0.25224540863437805	0.2522355350548527	9.873579525365717e-06
0.2566666666666667	0.25385782970644116	0.2538481677794587	9.661926982484914e-06
0.25833333333333336	0.25546954561802937	0.2554600991356987	9.446482330643935e-06
0.26	0.2570805518921551	0.25707132447385933	9.227418295787437e-06
0.2616666666666667	0.25869084405380205	0.25868183914853177	9.004905270282304e-06
0.2633333333333333	0.26030041762993733	0.2602916385186119	8.779111325407651e-06
0.265	0.2619092681495244	0.26190071794730074	8.550202223678305e-06
0.2666666666666667	0.2635173911435351	0.2635090728021037	8.31834143139032e-06
0.2683333333333333	0.26512478214496193	0.265116698454831	8.083690130944454e-06
0.27	0.26673143668883115	0.2667235902815979	7.846407233225161e-06
0.2716666666666667	0.2683373503122144	0.26832974366282447	7.606649389924058e-06
0.2733333333333333	0.26994251855424145	0.2699351539832349	7.364571006529541e-06
0.275	0.27154693695611287	0.27153981663185905	7.120324253817589e-06
0.27666666666666667	0.2731506010611117	0.27314372700203104	6.874059080674844e-06
0.2783333333333333	0.27475350641461666	0.2747468804913898	6.6259232268661705e-06
0.28	0.27635564856411376	0.2763492725018791	6.376062234692004e-06
0.2816666666666667	0.27795702305920916	0.2779508984397476	6.124619461589376e-06
0.2833333333333333	0.27955762545164153	0.27955175371554847	5.871736093066016e-06
0.28500000000000003	0.28115745129529407	0.28115183374414005	5.617551154024625e-06
0.2866666666666667	0.28275649614620707	0.282751133944685	5.362201522085552e-06
0.28833333333333333	0.2843547555625904	0.2843496497406511	5.1058219392996484e-06
0.29000000000000004	0.2859522251048356	0.28594737655981073	4.848545024860318e-06
0.2916666666666667	0.28754890033552816	0.2875443098342412	4.5905012869829065e-06
0.29333333333333333	0.2891447768194603	0.2891404450003243	4.331819136005333e-06
0.29500000000000004	0.2907398501236428	0.2907357774987471	4.072624895656851e-06
0.2966666666666667	0.2923341158173174	0.29233030277450095	3.8130428164362407e-06
0.29833333333333334	0.29392756947196935	0.2939240162768822	3.553195087158123e-06
0.30000000000000004	0.2955202066613396	0.295516913459492	3.293201847609506e-06
0.3016666666666667	0.2971120229614369	0.29710898978023625	3.0331812006512138e-06
0.30333333333333334	0.2987030139505503	0.2987002407013255	2.773249224818919e-06
0.30500000000000005	0.3002931752092616	0.3002906616892753	2.5135199862580393e-06
0.3066666666666667	0.30188250232045694	0.30188024821490583	2.2541055511027253e-06
0.30833333333333335	0.30347099086934	0.3034689957533421	1.995115997910357e-06
0.31000000000000005	0.30505863644344355	0.3050568997840138	1.7366594297629767e-06
0.31166666666666665	0.30664543463264193	0.30664395579065545	1.4788419864797397e-06
0.31333333333333335	0.30823138102916364	0.30823015926130654	1.2217678571069257e-06
0.31500000000000006	0.3098164712276029	0.309815505688311	9.65539291908346e-07
0.31666666666666665	0.3114007008249323	0.3113999905683178	7.102566145222866e-07
0.31833333333333336	0.3129840654205153	0.31298360940228065	4.5601823467356084e-07
0.32	0.31456656061611776	0.3145663576954578	2.0292065994187425e-07
0.32166666666666666	0.3161481820159208	0.3161482309574126	4.8941491803677906e-08
0.32333333333333336	0.3177289252265327	0.3177292247020131	2.994754804142019e-07
0.325	0.31930878585700095	0.3193093344474318	5.485904308599743e-07
0.32666666666666666	0.3208877595188249	0.3208885557161465	7.961973215731e-07
0.32833333333333337	0.32246584182596777	0.32246688403493945	1.0422089716799476e-06
0.33	0.32404302839486837	0.3240443149348976	1.2865400292327855e-06
0.33166666666666667	0.325619314844454	0.325620843951413	1.5291069589973283e-06
0.33333333333333337	0.32719469679615226	0.3271964666241823	1.769828030018239e-06
0.335	0.32876916987390314	0.3287711784972067	2.0086233035732093e-06
0.33666666666666667	0.3303427297041713	0.3303449751187927	2.2454146214045956e-06
0.3383333333333334	0.33191537191595827	0.33191785204155116	2.480125592896343e-06
0.34	0.3334870921408144	0.3334898048223977	2.7126815833056206e-06
0.3416666666666667	0.3350578860128513	0.335060829022553	2.9430097017169032e-06
0.3433333333333334	0.3366277491687536	0.3366309202075425	3.1710387888850278e-06
0.34500000000000003	0.3381966772477913	0.33820007394719603	3.396699404745185e-06
0.3466666666666667	0.3397646658918319	0.3397682858156486	3.619923816700066e-06
0.3483333333333334	0.3413317107453524	0.3413355513913398	3.8406459874074095e-06
0.35	0.34289780745545134	0.3429018662570141	4.058801562734082e-06
0.3516666666666667	0.34446295167186125	0.3444672259997207	4.274327859432603e-06
0.3533333333333334	0.34602713904696025	0.34603162621081357	4.487163853317266e-06
0.355	0.3475903652357843	0.3475950624859514	4.697250167107203e-06
0.3566666666666667	0.34915262589603957	0.3491575304250978	4.9045290582139245e-06
0.3583333333333334	0.35071391668811414	0.35071902563252105	5.108944406917448e-06
0.36	0.35227423327508994	0.3522795437167942	5.310441704264868e-06
0.3616666666666667	0.35383357132275556	0.35383908029079525	5.508968039691364e-06
0.3633333333333334	0.35539192649961715	0.3553976309717067	5.7044720895294e-06
0.365	0.35694929447691137	0.3569551913810159	5.896904104518708e-06
0.3666666666666667	0.35850567092861724	0.3585117571445153	6.086215898037928e-06
0.3683333333333334	0.36006105153146767	0.36006732389230167	6.272360834003177e-06
0.37	0.361615431964962	0.36162188725877664	6.455293814655594e-06
0.3716666666666667	0.36316880791137784	0.36317544288264714	6.634971269292578e-06
0.3733333333333334	0.3647211750557831	0.3647279864069243	6.8113511411671546e-06
0.375	0.36627252908604757	0.3662795134789239	6.9843928763302365e-06
0.3766666666666667	0.36782286569285577	0.36783001975026713	7.154057411362658e-06
0.3783333333333334	0.369372180569718	0.36937950087687965	7.3203071616623205e-06
0.38	0.3709204694129827	0.37092795251899163	7.483106008954188e-06
0.3816666666666667	0.37246772792184873	0.3724753703411384	7.642419289688451e-06
0.3833333333333333	0.3740139517983766	0.3740217500121599	7.798213783327679e-06
0.385	0.37555913674750124	0.37556708720520104	7.950457699801294e-06
0.3866666666666667	0.377103278477043	0.37711137759771113	8.099120668125792e-06
0.3883333333333333	0.3786463726977203	0.37865461687144447	8.244173724192283e-06
0.39	0.3801884151231614	0.38019680071246026	8.385589298831597e-06
0.3916666666666667	0.38172940146991613	0.3817379248111223	8.523341206156942e-06
0.3933333333333333	0.38326932745746767	0.38327798486209913	8.657404631462473e-06
0.395	0.384808188808245	0.3848169765643644	8.787756119399415e-06
0.3966666666666667	0.38634598124763425	0.38635489562119607	8.914373561819122e-06
0.3983333333333333	0.38788270050399054	0.3878917377401771	9.037236186559827e-06
0.4	0.3894183423086505	0.3894274986331954	9.156324544901118e-06
0.4016666666666667	0.3909529023959433	0.3909621740164435	9.271620500184152e-06
0.4033333333333333	0.392486376503203	0.3924957596104183	9.383107215321651e-06
0.405	0.39401876037078043	0.39402825113992235	9.49076914191771e-06
0.40666666666666673	0.39555004974205465	0.3955596443340624	9.59459200772228e-06
0.4083333333333333	0.3970802403634449	0.3970899349262497	9.694562804807294e-06
0.41000000000000003	0.39860932798442295	0.3986191186542012	9.790669778242389e-06
0.41166666666666674	0.4001373083575239	0.40014719125993775	9.882902413826944e-06
0.41333333333333333	0.40166417723835895	0.40167414848978533	9.971251426377226e-06
0.41500000000000004	0.40318993038562667	0.4031999860943748	1.0055708748124559e-05
0.41666666666666674	0.4047145635611248	0.40472469982864157	1.0136267516780428e-05
0.41833333333333333	0.406238072529762	0.40624828545182584	1.0212922063823626e-05
0.42000000000000004	0.4077604530595702	0.40777073872747294	1.0285667902731888e-05
0.42166666666666675	0.40928170092171545	0.40929205542343255	1.0354501717102504e-05
0.42333333333333334	0.41080181189051007	0.41081223131185923	1.0419421349161517e-05
0.42500000000000004	0.4123207817434248	0.41233126216921256	1.0480425787773306e-05
0.42666666666666664	0.4138386062610997	0.41384914377625653	1.0537515156838761e-05
0.42833333333333334	0.41535528122735677	0.4153658719180603	1.0590690703526917e-05
0.43000000000000005	0.4168708024292108	0.4168814423839974	1.06399547865621e-05
0.43166666666666664	0.4183851656568816	0.41839585096774645	1.0685310864844144e-05
0.43333333333333335	0.4198983667038058	0.41990909346729066	1.0726763484847357e-05
0.43500000000000005	0.4214104013666481	0.4214211656849182	1.0764318270128914e-05
0.43666666666666665	0.422921265445313	0.4229320634272218	1.0797981908783338e-05
0.43833333333333335	0.424430954742957	0.4244417825050992	1.0827762142173736e-05
0.44000000000000006	0.42593946506599967	0.4259503187337527	1.085366775305241e-05
0.44166666666666665	0.42744679222413534	0.4274576679326894	1.0875708554070052e-05
0.44333333333333336	0.42895293203034535	0.42896382592572146	1.0893895376118401e-05
0.44500000000000006	0.43045788030090887	0.4304687885409655	1.0908240056617391e-05
0.44666666666666666	0.43196163285541495	0.4319725516108429	1.091875542796883e-05
0.44833333333333336	0.43346418551677424	0.43347511097208014	1.0925455305899057e-05
0.45000000000000007	0.4349655341112303	0.43497646246570826	1.0928354477968139e-05
0.45166666666666666	0.43646567446837115	0.4364766019370629	1.092746869174599e-05
0.45333333333333337	0.43796460242114144	0.43797552523578487	1.0922814643432588e-05
0.45500000000000007	0.4394623138058533	0.43947322821581947	1.0914409966145122e-05
0.45666666666666667	0.4409588044621982	0.4409697067354169	1.0902273218704739e-05
0.45833333333333337	0.4424540702332587	0.44246495665713215	1.088642387342409e-05
0.4600000000000001	0.44394810696551984	0.4439589738478249	1.086688230506061e-05
0.46166666666666667	0.44544091050888024	0.44545175417865945	1.0843669779214693e-05
0.4633333333333334	0.4469324767166647	0.4469432935251054	1.0816808440727854e-05
0.4650000000000001	0.4484228014456345	0.44843358776693676	1.0786321302247437e-05
0.4666666666666667	0.4499118805559997	0.4499226327882321	1.0752232232402736e-05
0.4683333333333334	0.4513997099114304	0.4514104244773753	1.0714565944869303e-05
0.4700000000000001	0.4528862853790684	0.4528969587270546	1.0673347986212e-05
0.4716666666666667	0.45437160282953803	0.45438223143426315	1.0628604725115842e-05
0.4733333333333334	0.4558556581369588	0.45586623850029906	1.058036334028456e-05
0.475	0.45733844717895544	0.45734897583076484	1.0528651809393885e-05
0.4766666666666667	0.45881996583667084	0.45883043933556816	1.0473498897323186e-05
0.4783333333333334	0.4603002099947761	0.46031062492892116	1.0414934145053234e-05
0.48	0.4617791755414829	0.46178952852934085	1.0352987857953355e-05
0.4816666666666667	0.46325685836855457	0.46326714605964925	1.0287691094679197e-05
0.4833333333333334	0.4647332543713176	0.464743473446973	1.0219075655404364e-05
0.485	0.4662083594486727	0.4662185066227431	1.0147174070385123e-05
0.4866666666666667	0.46768216950310704	0.4676922415226961	1.0072019589080217e-05
0.4883333333333334	0.4691546804407046	0.4691646740868728	9.993646168215964e-06
0.49	0.470625888171158	0.47063580025961876	9.912088460739543e-06
0.4916666666666667	0.4720957886077804	0.4721056159895847	9.827381804328184e-06
0.4933333333333334	0.4735643776675157	0.47357411722972587	9.739562210175912e-06
0.495	0.4750316512709508	0.47504129993730204	9.648666351225188e-06
0.4966666666666667	0.4764976053423268	0.4765071600738784	9.554731551564277e-06
0.4983333333333334	0.4779622358095499	0.4779716936053243	9.457795774436839e-06
0.5	0.479425538604203	0.4794348965018142	9.35789761119521e-06
0.5016666666666667	0.48088750966155724	0.4808967647378272	9.255076269976126e-06
0.5033333333333334	0.4823481449205827	0.4823572942921474	9.149371564709519e-06
0.505	0.48380744032396017	0.4838164811478634	9.040823903239126e-06
0.5066666666666667	0.4852653918180923	0.4852743212923686	8.929474276275773e-06
0.5083333333333334	0.4867219953531148	0.4867308107173615	8.815364246739232e-06
0.51	0.4881772468829075	0.4881859454188447	8.698535937212704e-06
0.5116666666666667	0.4896311423651062	0.48963972139712647	8.579032020283872e-06
0.5133333333333334	0.4910836777611131	0.4910921346568193	8.456895706165923e-06
0.515	0.49253484903610867	0.4925431812068403	8.332170731650823e-06
0.5166666666666667	0.4939846521590625	0.49399285706041196	8.204901349451177e-06
0.5183333333333333	0.4954330831027446	0.49544115823506096	8.075132316376354e-06
0.52	0.49688013784373675	0.4968880807526193	7.942908882563327e-06
0.5216666666666667	0.4983258123624432	0.4983336206392231	7.808276779874834e-06
0.5233333333333333	0.4997701026431024	0.4997777739253138	7.671282211407782e-06
0.525	0.5012130046737979	0.5012205366456374	7.531971839447316e-06
0.5266666666666667	0.5026545144464694	0.5026619048392448	7.390392775419308e-06
0.5283333333333333	0.5040946279569237	0.5041018745494915	7.246592567788923e-06
0.53	0.5055333412048469	0.5055404418240379	7.1006191909583904e-06
0.5316666666666667	0.5069706501938142	0.506977602714849	6.952521034886416e-06
0.5333333333333333	0.5084065509313012	0.508413353278195	6.802346893874933e-06
0.535	0.5098410394286959	0.5098476895746505	6.650145954689712e-06
0.5366666666666667	0.5112741117013089	0.5112806076690949	6.495967786013246e-06
0.5383333333333333	0.5127057637683846	0.5127121036307124	6.339862327786605e-06
0.54	0.5141359916531132	0.5141421735329922	6.1818798789969875e-06
0.5416666666666667	0.5155647913826398	0.515570813453728	6.022071088240821e-06
0.5433333333333333	0.5169921589880774	0.5169980194750183	5.8604869409562e-06
0.545	0.518418090504517	0.5184237876832667	5.69717874965292e-06
0.5466666666666667	0.5198425819710386	0.5198481141691814	5.532198142810252e-06
0.5483333333333333	0.5212656294307221	0.5212709950277749	5.365597052775506e-06
0.55	0.5226872289306592	0.5226924263583651	5.197427705883051e-06
0.5516666666666667	0.5241073765219632	0.5241124042645746	5.027742611463104e-06
0.5533333333333333	0.5255260682597803	0.5255309248543304	4.856594550073368e-06
0.555	0.5269433002033014	0.5269479842398648	4.684036563395999e-06
0.5566666666666668	0.5283590684157718	0.5283635785377144	4.51012194258027e-06
0.5583333333333333	0.5297733689645031	0.5297777038687209	4.334904217806468e-06
0.56	0.5311861979208834	0.5311903563580307	4.158437147294691e-06
0.5616666666666666	0.5325975513603888	0.5326015321350948	3.980774705980572e-06
0.5633333333333334	0.5340074253625942	0.5340112273336691	3.801971074968158e-06
0.5650000000000001	0.5354158160111834	0.5354194380918144	3.6220806309827935e-06
0.5666666666666667	0.5368227193939613	0.536826160551896	3.441157934713779e-06
0.5683333333333334	0.5382281316028639	0.5382313908605845	3.259257720600317e-06
0.5700000000000001	0.5396320487339693	0.5396351251688545	3.076434885174173e-06
0.5716666666666667	0.5410344668875084	0.5410373596319861	2.8927444776227773e-06
0.5733333333333334	0.5424353821678763	0.5424380904095638	2.708241687465751e-06
0.5750000000000001	0.5438347906836426	0.5438373136654769	2.522981834340854e-06
0.5766666666666667	0.5452326885475621	0.5452350255679195	2.3370203573458426e-06
0.5783333333333334	0.5466290718765864	0.5466312222893905	2.150412804158286e-06
0.5800000000000001	0.5480239367918737	0.5480259000066937	1.9632148200443567e-06
0.5816666666666667	0.5494172794187998	0.5494190549009373	1.775482137533757e-06
0.5833333333333334	0.5508090958869698	0.5508106831575351	1.587270565317489e-06
0.5850000000000001	0.5521993823302277	0.5522007809662046	1.398635976923579e-06
0.5866666666666667	0.5535881348866674	0.5535893445209689	1.209634301502227e-06
0.5883333333333334	0.554975349698644	0.5549763700201552	1.0203215111692643e-06
0.5900000000000001	0.5563610229127839	0.5563618536663963	8.307536124574355e-07
0.5916666666666667	0.5577451506799955	0.5577457916666289	6.4098663332679e-07
0.5933333333333334	0.5591277291554806	0.5591281802320951	4.5107661450494163e-07
0.5950000000000001	0.5605087544987443	0.5605090155783418	2.6107959749666065e-07
0.5966666666666667	0.5618882228736058	0.5618882939252201	7.105161425879913e-08
0.5983333333333334	0.5632661304482096	0.5632660114968865	1.1895132312478296e-07
0.6	0.5646424733950354	0.5646421645218018	3.0887323354544804e-07
0.6016666666666667	0.5660172478909092	0.5660167492327318	4.986581774168997e-07
0.6033333333333334	0.5673904501170141	0.5673897618667475	6.882502665561674e-07
0.605	0.5687620762589001	0.5687611986652236	8.775936765070824e-07
0.6066666666666667	0.5701321225064955	0.5701310558738406	1.0666326548669502e-06
0.6083333333333334	0.5715005850541173	0.5714993297425833	1.2553115339430931e-06
0.61	0.5728674601004813	0.5728660165257413	1.4435747399677012e-06
0.6116666666666667	0.5742327438487134	0.5742311124819094	1.6313668039780183e-06
0.6133333333333334	0.5755964325063597	0.5755946138739864	1.8186323733626608e-06
0.615	0.5769585222853968	0.5769565169691765	2.0053162202993136e-06
0.6166666666666667	0.578319009402243	0.5783168180389886	2.1913632544112716e-06
0.6183333333333333	0.5796778900777683	0.579675513359236	2.3767185323153583e-06
0.62	0.5810351605373051	0.5810325992100374	2.5613272677249554e-06
0.6216666666666667	0.5823908170106584	0.5823880718758154	2.745134842996322e-06
0.6233333333333333	0.5837448557321167	0.5837419276452983	2.928086818343445e-06
0.625	0.5850972729404622	0.5850941628115187	3.1101289434953827e-06
0.6266666666666667	0.5864480648789813	0.586444773671814	3.291207167244181e-06
0.6283333333333333	0.5877972277954749	0.5877937565278264	3.471267648547105e-06
0.63	0.5891447579422695	0.5891411076855031	3.6502567664076224e-06
0.6316666666666667	0.5904906515762264	0.5904868234550955	3.828121130866613e-06
0.6333333333333333	0.5918349049587529	0.5918309001511605	4.0048075924392634e-06
0.635	0.5931775143558129	0.5931733340925592	4.180263253661387e-06
0.6366666666666667	0.5945184760379367	0.5945141216024581	4.354435478637342e-06
0.6383333333333333	0.5958577862802314	0.5958532590083275	4.527271903920216e-06
0.64	0.5971954413623921	0.5971907426419436	4.698720448503835e-06
0.6416666666666667	0.5985314375687106	0.5985265688393866	4.8687293240368135e-06
0.6433333333333333	0.5998657711880874	0.5998607339410418	5.0372470455917195e-06
0.645	0.6011984385140411	0.601193234291599	5.20422244210117e-06
0.6466666666666667	0.6025294358447187	0.6025240662400533	5.369604665461658e-06
0.6483333333333333	0.6038587594829065	0.6038532261397038	5.533343202634988e-06
0.65	0.6051864057360395	0.6051807103481555	5.695387884085967e-06
0.6516666666666667	0.6065123709162126	0.6065065152273168	5.855688895772815e-06
0.6533333333333333	0.6078366513401895	0.607830637143402	6.0141967874738356e-06
0.655	0.6091592433294148	0.6091530724669298	6.170862484999873e-06
0.6566666666666667	0.6104801432100225	0.6104738175727235	6.325637299076092e-06
0.6583333333333333	0.6117993473128471	0.611792868839911	6.478472936111146e-06
0.66	0.6131168519734338	0.6131102226519259	6.629321507856112e-06
0.6616666666666666	0.614432653532048	0.6144258753965056	6.778135542395702e-06
0.6633333333333333	0.6157467483336865	0.615739823465693	6.9248679934741375e-06
0.665	0.6170591327280867	0.6170520632558348	7.06947225181942e-06
0.6666666666666666	0.618369803069737	0.6183625911675836	7.2119021533589844e-06
0.6683333333333333	0.6196787557178877	0.6196714036058963	7.352111991321131e-06
0.67	0.6209859870365597	0.6209784969800344	7.490056525338851e-06
0.6716666666666666	0.6222914933945559	0.6222838677035641	7.625690991774903e-06
0.6733333333333333	0.6235952711654706	0.6235875121943572	7.758971113491775e-06
0.675	0.6248973167276999	0.624889426874589	7.889853110842893e-06
0.6766666666666666	0.626197626464451	0.6261896081707408	8.018293710221336e-06
0.6783333333333333	0.6274961967637536	0.627488052513598	8.144250155606159e-06
0.68	0.6287930240184686	0.6287847563382509	8.267680217666218e-06
0.6816666666666666	0.6300881046262988	0.6300797160840944	8.388542204418314e-06
0.6833333333333333	0.6313814349897994	0.6313729281948287	8.506794970664089e-06
0.685	0.6326730115163863	0.6326643891184582	8.62239792809305e-06
0.6866666666666666	0.6339628306183481	0.6339540953072925	8.735311055607653e-06
0.6883333333333334	0.6352508887128548	0.6352420432179459	8.845494908982232e-06
0.6900000000000001	0.636537182221968	0.636528229311337	8.952910630966038e-06
0.6916666666666667	0.6378217075726509	0.63781265005269	9.057519960942173e-06
0.6933333333333334	0.6391044611967784	0.6390953019115332	9.159285245252669e-06
0.6950000000000001	0.640385439531147	0.6403761813617	9.258169446968445e-06
0.6966666666666667	0.641664639017484	0.6416552848813283	9.354136155770298e-06
0.6983333333333334	0.6429420561024588	0.6429326089528612	9.44714959760784e-06
0.7000000000000001	0.6442176872376911	0.6442081500630463	9.537174644802526e-06
0.7016666666666667	0.6454915288797619	0.645481904702936	9.624176825928643e-06
0.7033333333333334	0.6467635774902232	0.6467538693678874	9.708122335805314e-06
0.7050000000000001	0.6480338295356073	0.6480240405575628	9.788978044489305e-06
0.7066666666666667	0.6493022814874371	0.6492924147759284	9.866711508710324e-06
0.7083333333333334	0.6505689298222358	0.6505589885312563	9.941290979531558e-06
0.71	0.6518337710215366	0.6518237583361227	1.0012685413895994e-05
0.7116666666666667	0.6530968015718928	0.6530867207074085	1.0080864484285357e-05
0.7133333333333334	0.6543580179648867	0.6543478721662995	1.0145798587157806e-05
0.715	0.6556174166971402	0.6556072092382865	1.02074588537171e-05
0.7166666666666667	0.6568749942703247	0.6568647284531651	1.0265817159571533e-05
0.7183333333333334	0.6581307471911696	0.6581204263450353	1.0320846134281858e-05
0.72	0.6593846719714731	0.659374299452302	1.0372519171131245e-05
0.7216666666666667	0.660636765128112	0.660626344317675	1.0420810437006267e-05
0.7233333333333334	0.6618870231830503	0.661876557488169	1.0465694881278687e-05
0.725	0.6631354426633497	0.663124935515103	1.0507148246685638e-05
0.7266666666666667	0.6643820201011792	0.6643714749541014	1.0545147077767325e-05
0.7283333333333334	0.6656267520338246	0.6656161723650931	1.057966873152516e-05
0.73	0.6668696350036979	0.6668590243123113	1.0610691386636617e-05
0.7316666666666667	0.6681106655583472	0.6681000273642947	1.0638194052448036e-05
0.7333333333333334	0.6693498402504662	0.6693391780938865	1.0662156579632764e-05
0.735	0.6705871556379037	0.6705764730782349	1.06825596688509e-05
0.7366666666666667	0.6718226082836736	0.6718119088987922	1.0699384881407425e-05
0.7383333333333334	0.6730561947559635	0.6730454821413161	1.0712614647356844e-05
0.74	0.674287911628145	0.6742771893958689	1.0722232276161314e-05
0.7416666666666667	0.6755177554787836	0.6755070272568178	1.0728221965794482e-05
0.7433333333333334	0.6767457228916468	0.6767349923228346	1.0730568812178376e-05
0.745	0.6779718104557149	0.6779610811968959	1.0729258818953369e-05
0.7466666666666667	0.6791960147651898	0.6791852904862831	1.072427890669303e-05
0.7483333333333334	0.680418332419505	0.6804076168025824	1.0715616922563065e-05
0.75	0.6816387600233341	0.6816280567616847	1.0703261649425144e-05
0.7516666666666667	0.6828572941866017	0.682846606983786	1.0687202815717889e-05
0.7533333333333333	0.684073931524491	0.6840632640933866	1.0667431104449676e-05
0.755	0.685288668657455	0.6852780247192916	1.0643938163412692e-05
0.7566666666666667	0.6865015022112243	0.6864908854946117	1.0616716612621424e-05
0.7583333333333333	0.6877124288168178	0.6877018430567611	1.0585760056747162e-05
0.76	0.6889214451105513	0.6889108940474596	1.0551063091668311e-05
0.7616666666666667	0.690128547734047	0.6901180351127321	1.051262131490649e-05
0.7633333333333333	0.6913337333342425	0.6913232629029071	1.047043133539649e-05
0.765	0.6925369985634013	0.692526574072619	1.0424490782368068e-05
0.7666666666666667	0.6937383400791204	0.6937279652808063	1.0374798314116696e-05
0.7683333333333333	0.6949377545443409	0.6949274331907127	1.0321353628217622e-05
0.77	0.6961352386273567	0.6961249744698863	1.0264157470407653e-05
0.7716666666666667	0.6973307890018241	0.6973205857901804	1.020321164368898e-05
0.7733333333333333	0.6985244023467703	0.6985142638277527	1.0138519017544034e-05
0.775	0.6997160753466035	0.6997060052630657	1.0070083537816465e-05
0.7766666666666667	0.700905804691122	0.7008958067808873	9.997910234704754e-06
0.7783333333333333	0.7020935870755224	0.7020836650702891	9.922005233309328e-06
0.78	0.7032794192004101	0.7032695768246483	9.84237576184821e-06
0.7816666666666667	0.704463297771808	0.7044535387416468	9.75903016120494e-06
0.7833333333333333	0.705645219501165	0.7056355475232707	9.671977894254447e-06
0.785	0.706825181105366	0.7068155998758117	9.581229554300741e-06
0.7866666666666667	0.7080031793067406	0.7079936925098658	9.486796874846881e-06
0.7883333333333333	0.7091792108330723	0.7091698221403335	9.388692738809823e-06
0.79	0.7103532724176078	0.7103439854864209	9.286931186958114e-06
0.7916666666666667	0.7115253607990656	0.7115161792716381	9.181527427459812e-06
0.7933333333333333	0.7126954727216452	0.7126864002238003	9.072497844986316e-06
0.795	0.7138636049350369	0.7138546450750276	8.959860009261078e-06
0.7966666666666666	0.7150297541944292	0.7150209105617445	8.843632684607527e-06
0.7983333333333333	0.7161939172605197	0.7161851934246808	8.723835838941874e-06
0.8	0.7173560908995228	0.7173474904088705	8.600490652321824e-06
0.8016666666666666	0.718516271883179	0.7185077982636527	8.473619526272458e-06
0.8033333333333333	0.7196744569887643	0.7196661137426715	8.343246092779033e-06
0.805	0.7208306429990985	0.7208224336038753	8.20939522316877e-06
0.8066666666666666	0.7219848267025545	0.7219767546095175	8.072093036992634e-06
0.8083333333333333	0.7231370048930673	0.7231290735261563	7.931366911018145e-06
0.81	0.7242871743701426	0.7242793871246548	7.787245487778094e-06
0.8116666666666666	0.7254353319388658	0.7254276921801804	7.639758685340503e-06
0.8133333333333334	0.7265814744099113	0.726573985472206	7.488937705302234e-06
0.8150000000000001	0.7277255985995505	0.7277182637845085	7.334815042003839e-06
0.8166666666666667	0.7288677013296616	0.7288605239051701	7.177424491522366e-06
0.8183333333333334	0.7300077794277378	0.7300007626265778	7.016801159998032e-06
0.8200000000000001	0.7311458297268959	0.7311389767454232	6.852981472738051e-06
0.8216666666666667	0.732281849065886	0.7322751630627022	6.686003183764555e-06
0.8233333333333334	0.7334158342890997	0.7334093183837167	6.51590538303104e-06
0.8250000000000001	0.7345477822465786	0.734541439518072	6.342728506525397e-06
0.8266666666666667	0.7356776897940235	0.7356715232796791	6.166514344374541e-06
0.8283333333333334	0.7368055537928032	0.7367995664867537	5.9873060495041486e-06
0.8300000000000001	0.7379313711099628	0.7379255659618158	5.805148146964534e-06
0.8316666666666667	0.7390551386182326	0.7390495185316905	5.620086542035274e-06
0.8333333333333334	0.7401768531960371	0.7401714210275077	5.432168529440062e-06
0.8350000000000001	0.7412965117275031	0.741291270284702	5.241442801118268e-06
0.8366666666666667	0.7424141111024687	0.7424090631430126	5.0479594561059216e-06
0.8383333333333334	0.7435296482164919	0.7435247964464838	4.851770008085232e-06
0.8400000000000001	0.7446431199708594	0.7446384670434648	4.652927394599438e-06
0.8416666666666667	0.7457545232725945	0.7457500717866088	4.451485985712544e-06
0.8433333333333334	0.7468638550344668	0.7468596075328747	4.247501592113956e-06
0.845	0.7479711121749998	0.7479670711435257	4.0410314741112785e-06
0.8466666666666667	0.7490762916184799	0.7490724594841298	3.832134350068017e-06
0.8483333333333334	0.750179390294965	0.7501757694245597	3.6208704053963814e-06
0.85	0.7512804051402927	0.751276997838993	3.4073012996627128e-06
0.8516666666666667	0.7523793330960893	0.7523761416059124	3.191490176912559e-06
0.8533333333333334	0.7534761711097776	0.7534731976081049	2.97350167266508e-06
0.855	0.7545709161345863	0.7545681627326623	2.7534019240160745e-06
0.8566666666666667	0.7556635651295576	0.7556610338709814	2.5312585761883e-06
0.8583333333333334	0.756754115059556	0.7567518079187637	2.307140792301432e-06
0.86	0.757842562895277	0.7578404817760154	2.081119261587716e-06
0.8616666666666667	0.758928905613255	0.7589270523470477	1.853266207274551e-06
0.8633333333333334	0.7600131401958722	0.7600115165404763	1.6236553959103617e-06
0.865	0.7610952636313663	0.7610938712692218	1.3923621444700274e-06
0.8666666666666667	0.7621752729138397	0.7621741134505097	1.1594633300138213e-06
0.8683333333333334	0.7632531650432673	0.7632522400058699	9.250373974589721e-07
0.87	0.7643289370255051	0.7643282478611375	6.891643675732695e-07
0.8716666666666667	0.7654025858722981	0.7654021339464523	4.519258458568487e-07
0.8733333333333334	0.7664741086012893	0.7664738951962586	2.1340503064681826e-07
0.875	0.7675435022360271	0.7675435285493057	2.6313278667089435e-08
0.8766666666666667	0.7686107638059745	0.7686110309486479	2.671426734268678e-07
0.8783333333333334	0.7696758903465166	0.7696763993416437	5.089951270464965e-07
0.88	0.7707388788989693	0.7707396306799567	7.517809873514025e-07
0.8816666666666667	0.7717997265105874	0.7718007219195555	9.954089681407652e-07
0.8833333333333334	0.7728584302345726	0.772859670020713	1.2397861404167543e-06
0.885	0.7739149871300817	0.7739164719480072	1.4848179255011473e-06
0.8866666666666667	0.7749693942622354	0.7749711246703209	1.7304080854874115e-06
0.8883333333333333	0.7760216487021255	0.7760236251608417	1.9764587161352765e-06
0.89	0.7770717475268238	0.7770739703970615	2.222870237655883e-06
0.8916666666666667	0.7781196878193899	0.7781221573607776	2.4695413877173777e-06
0.8933333333333333	0.7791654666688789	0.7791681830380915	2.7163692126741523e-06
0.895	0.7802090811703504	0.7802120444194103	2.9632490599063033e-06
0.8966666666666667	0.7812505284248759	0.781253738499445	3.210074569159893e-06
0.8983333333333333	0.7822898055395469	0.7822932622772117	3.456737664886411e-06
0.9	0.7833269096274834	0.7833306127560318	3.7031285483601906e-06
0.9016666666666667	0.7843618378078413	0.7843657869435303	3.949135689018668e-06
0.9033333333333333	0.7853945872058207	0.7853987818516383	4.194645817579001e-06
0.905	0.7864251549526741	0.7864295944965906	4.439543916490152e-06
0.9066666666666667	0.7874535381857137	0.7874582218989273	4.683713213604612e-06
0.9083333333333333	0.7884797340483203	0.7884846610834935	4.927035173185601e-06
0.91	0.7895037396899505	0.7895089090794387	5.169389488246523e-06
0.9116666666666667	0.7905255522661446	0.790530962920217	5.410654072335319e-06
0.9133333333333333	0.7915451689385353	0.7915508196435878	5.650705052429039e-06
0.915	0.7925625868748546	0.7925684762916148	5.88941676016308e-06
0.9166666666666667	0.7935778032489421	0.793583929910667	6.126661724836779e-06
0.9183333333333333	0.794590815240753	0.7945971775514175	6.362310664420612e-06
0.92	0.795601620036366	0.7956082162688449	6.596232478894848e-06
0.9216666666666667	0.7966102148279905	0.796617043122232	6.828294241478794e-06
0.9233333333333333	0.7976165968139748	0.7976236551751666	7.058361191858431e-06
0.925	0.7986207631988143	0.7986280494955414	7.2862967271936085e-06
0.9266666666666667	0.7996227111931582	0.7996302231555538	7.511962395567728e-06
0.9283333333333333	0.8006224380138186	0.8006301732317057	7.73521788710596e-06
0.93	0.8016199408837772	0.8016278968048043	7.955921027091861e-06
0.9316666666666666	0.8026152170321931	0.802623390959961	8.173927767973765e-06
0.9333333333333333	0.8036082636944112	0.8036166527865926	8.389092181371183e-06
0.935	0.8045990781119691	0.80460767937842	8.60126645096937e-06
0.9366666666666666	0.8055876575326051	0.8055964678334694	8.810300864303677e-06
0.9383333333333334	0.806573999210266	0.8065830152540717	9.01604380576515e-06
0.9400000000000001	0.8075581004051143	0.8075673187468624	9.218341748051806e-06
0.9416666666666667	0.8085399583835363	0.8085493754227815	9.41703924517423e-06
0.9433333333333334	0.8095195704181495	0.8095291823970746	9.611978925128106e-06
0.9450000000000001	0.8104969337878097	0.8105067367892915	9.803001481789586e-06
0.9466666666666667	0.8114720457776194	0.8114820357232867	9.989945667254752e-06
0.9483333333333334	0.812444903678935	0.81245507632722	1.0172648285067254e-05
0.9500000000000001	0.8134155047893737	0.8134258557335554	1.0350944181669597e-05
0.9516666666666667	0.8143838464128222	0.8143943710790617	1.0524666239408731e-05
0.9533333333333334	0.8153499258594433	0.8153606195048132	1.0693645369874716e-05
0.9550000000000001	0.8163137404456835	0.816324598156188	1.0857710504463824e-05
0.9566666666666667	0.8172752874942806	0.8172863041828697	1.1016688589160495e-05
0.9583333333333334	0.8182345643342713	0.8182457347388467	1.1170404575322479e-05
0.9600000000000001	0.8191915683009983	0.8192028869824112	1.1318681412908482e-05
0.9616666666666667	0.8201462967361178	0.8201577580761615	1.1461340043705803e-05
0.9633333333333334	0.8210987469876072	0.8211103451869998	1.1598199392559572e-05
0.9650000000000001	0.8220489164097718	0.8220606454861334	1.1729076361599589e-05
0.9666666666666667	0.8229968023632527	0.8230086561490741	1.1853785821469565e-05
0.9683333333333334	0.823942402215034	0.8239543743556391	1.1972140605109871e-05
0.9700000000000001	0.8248857133384501	0.8248977972899497	1.2083951499652912e-05
0.9716666666666667	0.8258267331131928	0.8258389221404322	1.2189027239428718e-05
0.9733333333333334	0.826765458925319	0.8267777460998178	1.2287174498748499e-05
0.9750000000000001	0.8277018881672576	0.8277142663651424	1.2378197884799214e-05
0.9766666666666667	0.8286360182378169	0.8286484801377468	1.2461899929983034e-05
0.9783333333333334	0.8295678465421916	0.8295803846232762	1.253808108458987e-05
0.98	0.8304973704919705	0.8305099770316811	1.2606539710580122e-05
0.9816666666666667	0.8314245875051431	0.8314372545772163	1.266707207314699e-05
0.9833333333333334	0.8323494950061073	0.8323622144784416	1.2719472334277171e-05
0.985	0.8332720904256761	0.8332848539582217	1.276353254564544e-05
0.9866666666666667	0.834192371201085	0.8342051702437256	1.2799042640621039e-05
0.9883333333333334	0.8351103347759993	0.8351231605664282	1.282579042893861e-05
0.99	0.8360259786005205	0.8360388221621073	1.284356158681721e-05
0.9916666666666667	0.8369393001311943	0.8369521522708476	1.2852139653296568e-05
0.9933333333333334	0.8378502968310172	0.8378631481370368	1.2851306019578956e-05
0.995	0.838758966169443	0.8387718070093685	1.2840839925476466e-05
0.9966666666666667	0.8396653056223911	0.8396781261408407	1.282051844964105e-05
0.9983333333333334	0.8405693126722522	0.8405821027887561	1.2790116503902382e-05
1.0	0.8414709848078965	0.8414837342147222	1.2749406825718346e-05
1.0016666666666667	0.8423703195246797	0.8423830176846514	1.2698159971735734e-05
1.0033333333333334	0.8432673143244501	0.8432799504687606	1.2636144310462782e-05
1.0050000000000001	0.8441619667155564	0.844174529841572	1.2563126015607828e-05
1.0066666666666668	0.8450542742128536	0.8450667530819121	1.2478869058529796e-05
1.0083333333333335	0.8459442343377102	0.8459566174729126	1.2383135202465034e-05
1.01	0.8468318446180152	0.8468441203020094	1.2275683994200648e-05
1.0116666666666667	0.8477171025881853	0.8477292588609437	1.2156272758412356e-05
1.0133333333333334	0.8486000057891712	0.8486120304457615	1.2024656590337024e-05
1.0150000000000001	0.8494805517684644	0.8494924323568126	1.1880588348223142e-05
1.0166666666666668	0.8503587380801044	0.850370461898753	1.1723818648556872e-05
1.0183333333333335	0.8512345622846854	0.8512461163805426	1.1554095857180258e-05
1.02	0.852108021949363	0.8521193931154463	1.1371166083296025e-05
1.0216666666666667	0.8529791146478608	0.8529902894210336	1.117477317280624e-05
1.0233333333333334	0.8538478379604776	0.8538588026191792	1.0964658701650976e-05
1.0250000000000001	0.8547141894740935	0.8547249300360622	1.0740561968702877e-05
1.0266666666666668	0.8555781667821771	0.8555886690021666	1.0502219989438899e-05
1.0283333333333333	0.8564397674847919	0.856450016852281	1.0249367489056915e-05
1.03	0.8572989891886034	0.8573089709254993	9.981736895925408e-06
1.0316666666666667	0.8581558295068851	0.8581655285652195	9.699058334478039e-06
1.0333333333333334	0.8590102860595255	0.8590196871191449	9.401059619440488e-06
1.0350000000000001	0.8598623564730347	0.8598714439392834	9.087466248725029e-06
1.0366666666666668	0.860712038380551	0.8607207963819475	8.758001396547144e-06
1.0383333333333333	0.8615593294218474	0.8615677418077546	8.412385907208275e-06
1.04	0.8624042272433384	0.8624122775816272	8.050338288767556e-06
1.0416666666666667	0.863246729498086	0.863254401072792	7.671574706047402e-06
1.0433333333333334	0.8640868338458069	0.8640941096547812	7.275808974305242e-06
1.0450000000000002	0.864924537952878	0.8649314007054306	6.862752552572182e-06
1.0466666666666669	0.8657598394923445	0.8657662716068822	6.432114537768818e-06
1.0483333333333333	0.8665927361439245	0.8665987197455818	5.983601657266746e-06
1.05	0.867423225594017	0.8674287425122803	5.516918263337445e-06
1.0516666666666667	0.8682513055357072	0.8682563373020336	5.031766326379916e-06
1.0533333333333335	0.8690769736687736	0.8690815015142017	4.527845428148325e-06
1.0550000000000002	0.8699002276996942	0.8699042325524501	4.004852755867816e-06
1.0566666666666669	0.8707210653416528	0.8707245278247487	3.4624830959062436e-06
1.0583333333333333	0.8715394843145453	0.871542384743372	2.900428826668744e-06
1.06	0.8723554823449863	0.8723578007249001	2.318379913823776e-06
1.0616666666666668	0.873169057166315	0.8731707731902169	1.7160239018654266e-06
1.0633333333333335	0.873980206518602	0.8739812995645115	1.0930459095614964e-06
1.0650000000000002	0.8747889281486549	0.8747893772772783	4.4912862340318327e-07
1.0666666666666667	0.8755952198100255	0.8755950037623151	2.1604771038852277e-07
1.0683333333333334	0.8763990792630152	0.876398176457726	9.02805289193509e-07
1.07	0.8772005042746817	0.877198892805919	1.6114687626522795e-06
1.0716666666666668	0.8779994926188447	0.877997150253607	2.3423652376619586e-06
1.0733333333333335	0.8787960420760927	0.8787929462518076	3.0958242851486517e-06
1.0750000000000002	0.8795901504337891	0.8795862782558438	3.872177945285493e-06
1.0766666666666667	0.8803818154860774	0.8803771437253425	4.671760734931141e-06
1.0783333333333334	0.8811710350338889	0.881165540124236	5.494909652958846e-06
1.08	0.8819578068849475	0.8819514649207612	6.341964186362681e-06
1.0816666666666668	0.8827421288537762	0.8827349155874594	7.213266316807854e-06
1.0833333333333335	0.8835239987617036	0.8835158896011776	8.109160526070802e-06
1.0850000000000002	0.8843034144368692	0.8842943844430664	9.029993802811553e-06
1.0866666666666667	0.8850803737142298	0.8850703975985821	9.97611564768075e-06
1.0883333333333334	0.885854874435566	0.8858439265574855	1.09478780805361e-05
1.09	0.8866269144494873	0.886614968813842	1.1945635645216335e-05
1.0916666666666668	0.8873964916114385	0.8873835218660218	1.2969745416757661e-05
1.0933333333333335	0.8881636037837058	0.8881495832167001	1.4020567005723628e-05
1.0950000000000002	0.8889282488354227	0.8889131503728573	1.5098462565310555e-05
1.0966666666666667	0.8896904246425753	0.889674220845777	1.620379679834194e-05
1.0983333333333334	0.8904501290880095	0.8904327921510494	1.7336936960044014e-05
1.1	0.8912073600614354	0.8911888618085685	1.8498252866927523e-05
