10 0.011575623475458041
12 0.005366523061900219
14 0.0028302549083090156
16 0.0016345955884571328
18 0.0010102340294579903
20 0.0006580834186726836
22 0.00044711506714167903
24 0.00031443350753090904
26 0.00022757935368300508
28 0.00016878240494766494
30 0.00012782475578587693
32 9.858203191881465e-05
34 7.7250377296334e-05
36 6.139309281705252e-05
38 4.940643392115085e-05
40 4.020932015480483e-05
42 3.305730730640555e-05
44 2.7427880448627207e-05
46 2.294792529022871e-05
48 1.934682069304472e-05
50 1.6425475066306205e-05
52 1.4035503953513384e-05
54 1.2064987707560704e-05
56 1.0428577083443358e-05
58 9.060520253623139e-06
60 7.909683227724784e-06
62 6.935949937947328e-06
64 6.1075899646656495e-06
66 5.399313231846392e-06
68 4.790818117106355e-06
70 4.26569768929852e-06
72 3.8106085611389062e-06
74 3.4146341023610915e-06
76 3.0687927912165236e-06
78 2.765655865433203e-06
80 2.499047909942931e-06
82 2.2638108654327027e-06
84 2.0556168962571064e-06
86 1.8708190814287207e-06
88 1.7063316861687383e-06
90 1.5595335771667607e-06
92 1.42818996673455e-06
94 1.3103886682408472e-06
96 1.2044879511563522e-06
98 1.109073691107909e-06
100 1.0229239992831651e-06
102 9.44979934747181e-07
104 8.743211246109439e-07
106 8.101454251896456e-07
108 7.517518854083249e-07
110 6.985263982794976e-07
112 6.499296310025215e-07
114 6.054867984772727e-07
116 5.647789684815052e-07
118 5.274357008921982e-07
120 4.931287065357282e-07
122 4.6156648236816977e-07
124 4.3248965608810863e-07
126 4.05667007763455e-07
128 3.8089203013846884e-07
130 3.579799607855705e-07
132 3.3676519017866724e-07
134 3.1709904391163946e-07
136 2.988478118304272e-07
138 2.8189107048604e-07
140 2.661201863318752e-07
142 2.514370092132623e-07
144 2.377527423824688e-07
146 2.2498693286188143e-07
148 2.1306658215536345e-07
150 2.0192538019436768e-07
152 1.915030023447173e-07
154 1.8174450122643293e-07
156 1.725997695878334e-07
158 1.6402306157736746e-07
160 1.559725526512068e-07
162 1.484099783066739e-07
164 1.4130026859682232e-07
166 1.3461127013059127e-07
168 1.283134554164178e-07
170 1.2237969260198156e-07
172 1.167850132155479e-07
174 1.1150643031143659e-07
176 1.0652275195255356e-07
178 1.0181442489098913e-07
180 9.736339179333697e-08
182 9.315296178868948e-08
184 8.916769944633529e-08
186 8.539330131895895e-08
188 8.181652333405509e-08
190 7.842507554478573e-08
192 7.520755418433112e-08
194 7.215336483845647e-08
196 6.925265561008587e-08
198 6.64962647167755e-08
200 6.387565965049191e-08
202 6.138289299073563e-08
204 5.901055377677267e-08
206 5.675172753960567e-08
208 5.459995500167736e-08
210 5.254921009445468e-08
212 5.0593848888169646e-08
214 4.872859959981213e-08
216 4.694852462350241e-08
218 4.5248994551272403e-08
220 4.362568106763831e-08
222 4.20745160933933e-08
224 4.059168423609094e-08
226 3.917361035554734e-08
228 3.7816924036704336e-08
230 3.6518463586432404e-08
232 3.5275261600631325e-08
234 3.408451254571787e-08
236 3.2943591632417224e-08
238 3.18500064100391e-08
240 3.0801434292015983e-08
242 2.9795656164566253e-08
244 2.883059857516912e-08
246 2.7904300425873885e-08
248 2.7014904535604956e-08
250 2.6160665411723016e-08
252 2.5339927489653746e-08
254 2.4551125799021634e-08
256 2.3792777747999594e-08
258 2.3063486009888834e-08
260 2.2361927198844e-08
262 2.168683965741991e-08
264 2.103703811151547e-08
266 2.0411393020225432e-08
268 1.980883390650945e-08
270 1.9228347358790643e-08
272 1.866897192392969e-08
274 1.8129788559306803e-08
276 1.7609929292561333e-08
278 1.7108575667279524e-08
280 1.66249352062664e-08
282 1.6158262727827832e-08
284 1.570785257420937e-08
286 1.5273027731410593e-08
288 1.4853147378701692e-08
290 1.4447595786393208e-08
292 1.4055793862155497e-08
294 1.3677180721316518e-08
296 1.3311232116564042e-08
298 1.2957441342109632e-08
300 1.2615330113874279e-08
302 1.228443125000922e-08
304 1.1964311763534852e-08
306 1.1654553766504705e-08
308 1.1354753803871631e-08
310 1.1064534399807258e-08
312 1.0783527626401224e-08
314 1.0511384651579192e-08
316 1.024777218638917e-08
318 9.992375371581375e-09
320 9.744883122664305e-09
322 9.505007669829979e-09
324 9.272465462117907e-09
326 9.046994708938882e-09
328 8.828334729926723e-09
330 8.616242164194432e-09
332 8.410477869702504e-09
334 8.210821356158249e-09
336 8.017053909625815e-09
338 7.828967918399599e-09
340 7.646367539138055e-09
342 7.469059370990294e-09
344 7.296858228755809e-09
346 7.1295942483118324e-09
348 6.967097343490991e-09
350 6.809201424928801e-09
352 6.655753281847865e-09
354 6.5066023680060425e-09
356 6.3616087953022316e-09
358 6.220629789055465e-09
360 6.083535009082652e-09
362 5.950197667914381e-09
364 5.820490978081239e-09
366 5.6942996984332694e-09
368 5.571510586221962e-09
370 5.452011286877223e-09
372 5.335704100772887e-09
374 5.222478227651095e-09
376 5.112241074911594e-09
378 5.004895831106637e-09
380 4.900354788617278e-09
382 4.7985291296015475e-09
384 4.699335143243388e-09
386 4.602690450994373e-09
388 4.508514894752125e-09
390 4.416739418644511e-09
392 4.327285862970598e-09
394 4.240083395501415e-09
396 4.155069621702978e-09
398 4.072174819569341e-09
400 3.991339925235593e-09
402 3.912495660784998e-09
404 3.835592288226053e-09
406 3.760565636667934e-09
408 3.6873688546990024e-09
410 3.6159413241421134e-09
412 3.546238636076282e-09
414 3.478202170725808e-09
416 3.4117946245970643e-09
418 3.3469593763157945e-09
420 3.2836624530574454e-09
422 3.2218518963844645e-09
424 3.1614839635096814e-09
426 3.102532453169715e-09
428 3.0449438526147787e-09
430 2.9886868535555777e-09
432 2.9337194895617813e-09
434 2.8800106743887e-09
436 2.8275308761038787e-09
438 2.776236351920147e-09
440 2.726099568306495e-09
442 2.6770918815088862e-09
444 2.629179540747373e-09
446 2.582337677026203e-09
448 2.536529430940959e-09
450 2.491735040521803e-09
452 2.4479216431672057e-09
454 2.405069476907329e-09
456 2.3631512302557667e-09
458 2.322141368082953e-09
460 2.2820190181960243e-09
462 2.2427599777330443e-09
464 2.2043387115644464e-09
466 2.1667407867909105e-09
468 2.129935339212352e-09
470 2.09391060046471e-09
472 2.0586428117752575e-09
474 2.02411554184323e-09
476 1.9903105830110235e-09
478 1.9572088394426146e-09
480 1.9247923255250043e-09
482 1.893043055645194e-09
484 1.8619450425916284e-09
486 1.831480966885124e-09
488 1.8016428349199032e-09
490 1.7724117729045474e-09
492 1.7437611354864657e-09
494 1.715693809245522e-09
496 1.6881889219888535e-09
498 1.6612284881034611e-09
500 1.6348098430540858e-09
502 1.6089094501126056e-09
504 1.5835210920300824e-09
506 1.5586336665762701e-09
508 1.534231408584219e-09
510 1.5103076567157814e-09
512 1.4868462017147976e-09
514 1.4638354972618117e-09
516 1.441274655178404e-09
518 1.4191428032717113e-09
520 1.3974352786050304e-09
522 1.3761418671265346e-09
524 1.355247913892299e-09
526 1.334755195259163e-09
528 1.314647057881757e-09
530 1.2949139538420695e-09
532 1.2755518863372117e-09
534 1.2565486429139128e-09
536 1.237897118144815e-09
538 1.2195928711378201e-09
540 1.2016254657964964e-09
542 1.1839871305596716e-09
544 1.1666696497769635e-09
546 1.149670358913113e-09
548 1.1329757132472196e-09
550 1.1165881552699375e-09
552 1.1004928079927367e-09
554 1.084687450969568e-09
556 1.0691614260593951e-09
558 1.0539187300651065e-09
560 1.0389404891952836e-09
562 1.0242264814053215e-09
564 1.009777372829035e-09
566 9.955816171469678e-10
568 9.816332191547872e-10
570 9.67923519112901e-10
572 9.544596224486668e-10
574 9.412246537721103e-10
576 9.282234980645399e-10
578 9.154390578913763e-10
580 9.028795489030017e-10
582 8.905334247799601e-10
584 8.783960225855481e-10
586 8.664624573384572e-10
588 8.547342833509219e-10
590 8.432043951955848e-10
592 8.318661315342979e-10
594 8.207192703224564e-10
596 8.09755817954283e-10
598 7.989788830542466e-10
600 7.883784736151256e-10
602 7.779556998599446e-10
604 7.677012359152968e-10
606 7.576159699596019e-10
608 7.476967933683909e-10
610 7.3794037547259e-10
612 7.283387226664217e-10
614 7.188973860650094e-10
616 7.096052634381067e-10
618 7.004647972763678e-10
620 6.914693262416449e-10
622 6.826177401109135e-10
624 6.739098168395685e-10
626 6.653382289556475e-10
628 6.569027544145456e-10
630 6.486002845917938e-10
632 6.404288210859477e-10
634 6.323856993617483e-10
636 6.244691430623561e-10
638 6.166724908496235e-10
640 6.089977411249947e-10
642 6.014488906913584e-10
644 5.940112846047896e-10
646 5.86688475578967e-10
648 5.79479353390866e-10
650 5.723801432822029e-10
652 5.653877366285087e-10
654 5.585076845449066e-10
656 5.517246659536568e-10
658 5.450464524159315e-10
660 5.384706014410767e-10
662 5.31995336672253e-10
664 5.256126645036829e-10
666 5.193288021843045e-10
668 5.131368663313651e-10
670 5.070341924096056e-10
672 5.010272197125687e-10
674 4.951052900992181e-10
676 4.892743987738868e-10
678 4.835241096401433e-10
680 4.778613060807402e-10
682 4.722813251589741e-10
684 4.667788378043269e-10
686 4.6136316989020543e-10
688 4.5602166487412887e-10
690 4.5075765342517116e-10
692 4.455662505620239e-10
694 4.404512310429709e-10
696 4.3540970828814807e-10
698 4.3044479092202437e-10
700 4.255455987589585e-10
702 4.207159065572341e-10
704 4.159577127182956e-10
706 4.11262135457946e-10
708 4.066353920251231e-10
710 4.0206993290325954e-10
712 3.975719753412932e-10
714 3.931350800456812e-10
716 3.887625776854975e-10
718 3.8444936123482876e-10
720 3.801943204706504e-10
722 3.759996758390116e-10
724 3.718614305370238e-10
726 3.677806947877116e-10
728 3.6375413792200106e-10
730 3.5978797718883015e-10
732 3.5586888991190335e-10
734 3.520053137862078e-10
736 3.4819658267792875e-10
738 3.4443825569496767e-10
740 3.40729000569695e-10
742 3.3706903934671573e-10
744 3.3345903815984457e-10
746 3.2989544429540274e-10
748 3.2638647340377247e-10
750 3.229174705410287e-10
752 3.1949487500071427e-10
754 3.1611668838138485e-10
756 3.1278823975355863e-10
758 3.094977607531746e-10
760 3.062512465845657e-10
762 3.030524720060157e-10
764 2.998881143412291e-10
766 2.9676883173124224e-10
768 2.936912935069813e-10
770 2.9065150286555763e-10
772 2.876503479853909e-10
774 2.8469049340174024e-10
776 2.817652777764579e-10
778 2.788791420016423e-10
780 2.7602942154203447e-10
782 2.732187809328934e-10
784 2.7043989270225666e-10
786 2.676985300098522e-10
788 2.6499069605279146e-10
790 2.6231794514330886e-10
792 2.5967716865693546e-10
794 2.5706992090590575e-10
796 2.5449731211324433e-10
798 2.5195423525303795e-10
800 2.494442430389654e-10
802 2.4696555911418727e-10
804 2.4451596303265433e-10
806 2.421003397756749e-10
808 2.397115839158914e-10
810 2.373536922561925e-10
812 2.350233341275043e-10
814 2.3272361815429576e-10
816 2.3044965935525852e-10
818 2.281981270613187e-10
820 2.259865627962654e-10
822 2.2379254005500115e-10
824 2.2162738311237717e-10
826 2.1949109196839345e-10
828 2.173750068834579e-10
830 2.15289563954002e-10
832 2.1322743570806324e-10
834 2.1118840010103668e-10
836 2.0917556575739127e-10
838 2.071851579188433e-10
840 2.0521984112065184e-10
842 2.0327539651532334e-10
844 2.0135493272732674e-10
846 1.9945645135521772e-10
848 1.9758172875583568e-10
850 1.9572832243852645e-10
852 1.9389911898315404e-10
854 1.9208723500696578e-10
856 1.9030110820494883e-10
858 1.8853318906053573e-10
860 1.8678392166293634e-10
862 1.850564146366196e-10
864 1.8334866958014118e-10
866 1.8165913218126661e-10
868 1.7999535195656335e-10
870 1.7834245191750142e-10
872 1.7671042407130244e-10
874 1.7510126681941074e-10
876 1.7351009518051796e-10
878 1.7193202417331577e-10
880 1.7037393718055682e-10
882 1.6883250353316726e-10
884 1.6731260821245542e-10
886 1.6580492534501445e-10
888 1.6431900284885614e-10
890 1.6284196213689484e-10
892 1.613869038408211e-10
894 1.5995027524695615e-10
896 1.5852474888333745e-10
898 1.5711543177587828e-10
900 1.5572521050444266e-10
902 1.5434942213232716e-10
904 1.5298828870413672e-10
906 1.5164269839829103e-10
908 1.50309986679531e-10
910 1.489883771910172e-10
912 1.4769008238602055e-10
914 1.4640644252494894e-10
916 1.4512813173439554e-10
918 1.4386891677986569e-10
920 1.42621026100187e-10
922 1.4138690218601369e-10
924 1.4016432459129646e-10
926 1.389635073678619e-10
928 1.377633562782421e-10
930 1.365854096491148e-10
932 1.3541412435813527e-10
934 1.342603805909448e-10
936 1.3311396429571687e-10
938 1.31985089524278e-10
940 1.3086154382335735e-10
942 1.2975376328938637e-10
944 1.2866196996697e-10
946 1.2757950251796046e-10
948 1.2649836733658049e-10
950 1.2543899252648316e-10
952 1.243916081250518e-10
954 1.2334688825887952e-10
956 1.223239287639899e-10
958 1.2130185744751998e-10
960 1.2029399698576526e-10
962 1.1929879306649127e-10
964 1.183100284407601e-10
966 1.1733392035750967e-10
968 1.1636824837069071e-10
970 1.1541034794504412e-10
972 1.1446044112517484e-10
974 1.1352430107081091e-10
976 1.1259926324669323e-10
978 1.1167844427006912e-10
980 1.1076850547908634e-10
982 1.0986855869532519e-10
984 1.0898304481088417e-10
986 1.0810152772933179e-10
988 1.0722644994132224e-10
990 1.0635980984829985e-10
992 1.0551115536827638e-10
994 1.0466294497746276e-10
996 1.0382428250466091e-10
998 1.0299316954842652e-10
1000 1.0216849588573496e-10
1002 1.0136047556841277e-10
1004 1.0055467569713983e-10
1006 9.975753556545897e-11
Nopt = 1006 	 epsopt = 9.975753556545897e-11
N0 = 96
eps0 = 1.2044879511563522e-06
Ir = 1.8390715240755542
epsR = 5.000898362084172e-09
Ie = 1.8390715450810324
p = 4.0237069587627206
epsE = 1.600457988359949e-08
eps = 1e-12 Adapt_alg = 1.8390715290823523 iter = 1010
