0.0 0.0
0.0016666666666666668 0.0016666659574423527
0.0033333333333333335 0.003333327262609224
0.005 0.0049999792914655295
0.006666666666666667 0.0066666174188873125
0.008333333333333333 0.008333237018866292
0.01 0.009999833464685219
0.011666666666666667 0.01166640212906804
0.013333333333333334 0.013332938384308405
0.015000000000000001 0.014999437602379553
0.016666666666666666 0.01666589515502822
0.018333333333333333 0.018332306413854863
0.02 0.01999866675038237
0.021666666666666667 0.021664971536114793
0.023333333333333334 0.023331216142587773
0.025 0.024997395941411923
0.02666666666666667 0.026663506304310296
0.028333333333333335 0.028329542603150914
0.030000000000000002 0.029995500209975115
0.03166666666666667 0.0316613744970226
0.03333333333333333 0.03332716083675362
0.034999999999999996 0.03499285460186882
0.03666666666666666 0.03665845116532734
0.03833333333333332 0.03832394590036327
0.03999999999999999 0.03998933418050115
0.04166666666666665 0.04165461137957019
0.043333333333333314 0.04331977287171808
0.04499999999999998 0.04498481403142411
0.04666666666666664 0.04664973023351187
0.048333333333333305 0.04831451685316163
0.04999999999999997 0.04997916926592269
0.05166666666666663 0.05164368284772532
0.053333333333333295 0.05330805297489287
0.05499999999999996 0.054972275024153715
0.05666666666666662 0.05663634437265329
0.058333333333333286 0.05830025639796604
0.05999999999999995 0.05996400647810756
0.06166666666666661 0.06162758999154666
0.06333333333333328 0.06329100231721765
0.06499999999999995 0.0649542388345324
0.06666666666666661 0.06661729492339294
0.06833333333333327 0.06828016596420358
0.06999999999999994 0.06994284733788357
0.0716666666666666 0.07160533442587946
0.07333333333333326 0.07326762261017784
0.07499999999999993 0.07492970727331781
0.07666666666666659 0.0765915837984037
0.07833333333333325 0.07825324756911768
0.07999999999999992 0.07991469396973269
0.08166666666666658 0.081575918385125
0.08333333333333325 0.08323691620078706
0.08499999999999991 0.08489768280284044
0.08666666666666657 0.08655821357804834
0.08833333333333324 0.08821850391382872
0.0899999999999999 0.08987854919826689
0.09166666666666656 0.09153834482012853
0.09333333333333323 0.09319788616887259
0.09499999999999989 0.09485716863466369
0.09666666666666655 0.09651618760838568
0.09833333333333322 0.09817493848165385
0.09999999999999988 0.099833416646828
0.10166666666666654 0.10149161749702541
0.10333333333333321 0.10314953642613335
0.10499999999999987 0.10480716882882231
0.10666666666666653 0.10646451010055849
0.1083333333333332 0.10812155563761679
0.10999999999999986 0.1097783008370935
0.11166666666666653 0.11143474109691917
0.11333333333333319 0.11309087181587149
0.11499999999999985 0.11474668839358793
0.11666666666666652 0.11640218623057856
0.11833333333333318 0.11805736072823908
0.11999999999999984 0.11971220728886309
0.1216666666666665 0.12136672131565537
0.12333333333333317 0.1230208982127444
0.12499999999999983 0.12467473338519518
0.1266666666666665 0.126328222239022
0.1283333333333332 0.12798136018120115
0.12999999999999987 0.1296341426196837
0.13166666666666654 0.13128656496340832
0.13333333333333322 0.13293862262231398
0.1349999999999999 0.13459031100735264
0.13666666666666658 0.13624162553050195
0.13833333333333325 0.1378925616047784
0.13999999999999993 0.13954311464424943
0.1416666666666666 0.1411932800640466
0.14333333333333328 0.14284305328037816
0.14499999999999996 0.14449242971054205
0.14666666666666664 0.14614140477293797
0.14833333333333332 0.14778997388708087
0.15 0.1494381324736132
0.15166666666666667 0.15108587595431794
0.15333333333333335 0.15273319975213084
0.15500000000000003 0.15438009929115357
0.1566666666666667 0.15602656999666636
0.15833333333333338 0.15767260729514063
0.16000000000000006 0.15931820661425145
0.16166666666666674 0.160963363382891
0.1633333333333334 0.16260807303118022
0.1650000000000001 0.16425233099048236
0.16666666666666677 0.1658961326934153
0.16833333333333345 0.16753947357386423
0.17000000000000012 0.16918234906699453
0.1716666666666668 0.170824754609264
0.17333333333333348 0.17246668563843628
0.17500000000000016 0.1741081375935929
0.17666666666666683 0.17574910591514598
0.1783333333333335 0.17738958604485136
0.1800000000000002 0.17902957342582085
0.18166666666666687 0.18066906350253484
0.18333333333333354 0.18230805172085535
0.18500000000000022 0.1839465335280385
0.1866666666666669 0.18558450437274673
0.18833333333333357 0.18722195970506222
0.19000000000000025 0.18885889497649896
0.19166666666666693 0.19049530564001557
0.1933333333333336 0.19213118715002786
0.19500000000000028 0.1937665349624216
0.19666666666666696 0.19540134453456506
0.19833333333333364 0.19703561132532157
0.20000000000000032 0.1986693307950621
0.201666666666667 0.20030249840567813
0.20333333333333367 0.20193510962059405
0.20500000000000035 0.20356715990477972
0.20666666666666703 0.2051986447247632
0.2083333333333337 0.2068295595486432
0.21000000000000038 0.20845989984610183
0.21166666666666706 0.21008966108841715
0.21333333333333374 0.21171883874847572
0.2150000000000004 0.21334742830078487
0.2166666666666671 0.2149754252214858
0.21833333333333377 0.21660282498836608
0.22000000000000045 0.21822962308087182
0.22166666666666712 0.21985581498012033
0.2233333333333338 0.22148139616891308
0.22500000000000048 0.22310636213174775
0.22666666666666715 0.22473070835483108
0.22833333333333383 0.22635443032609123
0.2300000000000005 0.22797752353519046
0.2316666666666672 0.22959998347353763
0.23333333333333386 0.23122180563430056
0.23500000000000054 0.2328429855124188
0.23666666666666722 0.2344635186046158
0.2383333333333339 0.23608340040941192
0.24000000000000057 0.2377026264271365
0.24166666666666725 0.23932119215994055
0.24333333333333393 0.24093909311180914
0.2450000000000006 0.2425563247885741
0.24666666666666728 0.24417288269792609
0.24833333333333396 0.2457887623494276
0.2500000000000006 0.24740395925452507
0.25166666666666726 0.2490184689265615
0.2533333333333339 0.2506322868807889
0.25500000000000056 0.25224540863438044
0.2566666666666672 0.25385782970644355
0.25833333333333386 0.2554695456180317
0.2600000000000005 0.25708055189215756
0.26166666666666716 0.2586908440538045
0.2633333333333338 0.2603004176299399
0.26500000000000046 0.261909268149527
0.2666666666666671 0.26351739114353756
0.26833333333333376 0.2651247821449643
0.2700000000000004 0.26673143668883337
0.27166666666666706 0.26833735031221645
0.2733333333333337 0.26994251855424367
0.27500000000000036 0.27154693695611487
0.276666666666667 0.27315060106111355
0.27833333333333365 0.2747535064146182
0.2800000000000003 0.2763556485641151
0.28166666666666695 0.2779570230592103
0.2833333333333336 0.2795576254516423
0.28500000000000025 0.2811574512952945
0.2866666666666669 0.2827564961462071
0.28833333333333355 0.28435475556259004
0.2900000000000002 0.28595222510483476
0.29166666666666685 0.28754890033552666
0.2933333333333335 0.2891447768194582
0.29500000000000015 0.29073985012364
0.2966666666666668 0.29233411581731394
0.29833333333333345 0.29392756947196524
0.3000000000000001 0.29552020666133455
0.30166666666666675 0.297112022961431
0.3033333333333334 0.29870301395054355
0.30500000000000005 0.30029317520925375
0.3066666666666667 0.3018825023204479
0.30833333333333335 0.30347099086932977
0.31 0.30505863644343206
0.31166666666666665 0.30664543463262905
0.3133333333333333 0.30823138102914915
0.31499999999999995 0.3098164712275867
0.3166666666666666 0.3114007008249144
0.31833333333333325 0.3129840654204954
0.3199999999999999 0.3145665606160959
0.32166666666666655 0.31614818201589684
0.3233333333333332 0.3177289252265064
0.32499999999999984 0.3193087858569722
0.3266666666666665 0.32088775951879356
0.32833333333333314 0.32246584182593346
0.3299999999999998 0.3240430283948312
0.33166666666666644 0.3256193148444137
0.3333333333333331 0.3271946967961087
0.33499999999999974 0.32876916987385596
0.3366666666666664 0.3303427297041204
0.33833333333333304 0.3319153719159035
0.3399999999999997 0.33348709214075567
0.34166666666666634 0.33505788601278813
0.343333333333333 0.33662774916868576
0.34499999999999964 0.33819667724771874
0.3466666666666663 0.3397646658917542
0.34833333333333294 0.34133171074526947
0.3499999999999996 0.3428978074553628
0.35166666666666624 0.34446295167176677
0.3533333333333329 0.3460271390468597
0.35499999999999954 0.3475903652356775
0.3566666666666662 0.34915262589592605
0.35833333333333284 0.3507139166879935
0.3599999999999995 0.3522742332749622
0.36166666666666614 0.3538335713226202
0.3633333333333328 0.35539192649947393
0.36499999999999944 0.35694929447676005
0.3666666666666661 0.3585056709284574
0.36833333333333274 0.360061051531299
0.3699999999999994 0.36161543196478413
0.37166666666666603 0.3631688079111906
0.3733333333333327 0.364721175055586
0.37499999999999933 0.36627252908584035
0.376666666666666 0.3678228656926381
0.37833333333333263 0.36937218056948956
0.3799999999999993 0.3709204694127431
0.38166666666666593 0.37246772792159777
0.3833333333333326 0.3740139517981139
0.38499999999999923 0.3755591367472266
0.3866666666666659 0.3771032784767559
0.38833333333333253 0.3786463726974205
0.3899999999999992 0.3801884151228487
0.39166666666666583 0.3817294014695901
0.3933333333333325 0.3832693274571281
0.39499999999999913 0.38480818880789164
0.3966666666666658 0.38634598124726677
0.39833333333333243 0.3878827005036088
0.3999999999999991 0.3894183423082543
0.40166666666666573 0.3909529023955325
0.4033333333333324 0.39248637650277746
0.404999999999999 0.3940187603703397
0.4066666666666657 0.39555004974159885
0.4083333333333323 0.39708024036297396
0.409999999999999 0.3986093279839369
0.4116666666666656 0.40013730835702255
0.4133333333333323 0.40166417723784253
0.4149999999999989 0.4031899303850951
0.4166666666666656 0.4047145635605782
0.4183333333333322 0.40623807252920074
0.4199999999999989 0.40776045305899433
0.4216666666666655 0.40928170092112526
0.4233333333333322 0.410801811889906
0.4249999999999988 0.4123207817428074
0.4266666666666655 0.4138386062604694
0.4283333333333321 0.41535528122671406
0.42999999999999877 0.41687080242855656
0.4316666666666654 0.4183851656562164
0.43333333333333207 0.41989836670313074
0.4349999999999987 0.42141040136596386
0.43666666666666537 0.42292126544462094
0.438333333333332 0.4244309547422582
0.43999999999999867 0.42593946506529545
0.4416666666666653 0.4274467922234274
0.44333333333333197 0.42895293202963536
0.4449999999999986 0.43045788030019844
0.44666666666666527 0.43196163285470623
0.4483333333333319 0.4334641855160694
0.44999999999999857 0.43496553411053157
0.4516666666666652 0.4364656744676813
0.45333333333333187 0.43796460242046314
0.4549999999999985 0.43946231380518963
0.45666666666666517 0.44095880446155256
0.4583333333333318 0.44245407023263467
0.45999999999999847 0.4439481069649211
0.4616666666666651 0.445440910508311
0.46333333333333176 0.44693247671612923
0.4649999999999984 0.44842280144513796
0.46666666666666506 0.44991188055554704
0.4683333333333317 0.4513997099110271
0.46999999999999836 0.45288628537872055
0.471666666666665 0.45437160282925204
0.47333333333333166 0.4558556581367413
0.4749999999999983 0.45733844717881394
0.47666666666666496 0.45881996583661283
0.4783333333333316 0.4603002099948101
0.47999999999999826 0.4617791755416178
0.4816666666666649 0.46325685836879976
0.48333333333333156 0.46473325437168295
0.4849999999999982 0.46620835944916916
0.48666666666666486 0.467682169503746
0.4883333333333315 0.46915468044149805
0.48999999999999816 0.4706258881721192
0.4916666666666648 0.4720957886089225
0.49333333333333146 0.4735643776688534
0.4949999999999981 0.4750316512724998
0.49666666666666476 0.47649760534410324
0.4983333333333314 0.47796223581157093
0.49999999999999806 0.47942553860648723
0.5016666666666647 0.4808875096641239
0.5033333333333314 0.4823481449234523
0.5049999999999981 0.48380744032715456
0.5066666666666648 0.48526539182163425
0.5083333333333315 0.4867219953570284
0.5099999999999982 0.48817724688721853
0.5116666666666649 0.48963114236984134
0.5133333333333316 0.4910836777663008
0.5149999999999983 0.492534849041779
0.516666666666665 0.4939846521652467
0.5183333333333318 0.49543308310947604
0.5199999999999985 0.49688013785105
0.5216666666666652 0.4983258123703749
0.5233333333333319 0.4997701026516911
0.5249999999999986 0.5012130046830838
0.5266666666666653 0.5026545144564946
0.528333333333332 0.5040946279677334
0.5299999999999987 0.505533341216487
0.5316666666666654 0.5069706502063331
0.5333333333333321 0.5084065509447502
0.5349999999999988 0.509841039443128
0.5366666666666655 0.5112741117167796
0.5383333333333322 0.5127057637849519
0.5399999999999989 0.5141359916708379
0.5416666666666656 0.5155647914015844
0.5433333333333323 0.5169921590083076
0.544999999999999 0.518418090526101
0.5466666666666657 0.519842581994047
0.5483333333333325 0.5212656294552284
0.5499999999999992 0.5226872289567395
0.5516666666666659 0.5241073765496962
0.5533333333333326 0.5255260682892477
0.5549999999999993 0.5269433002345875
0.556666666666666 0.5283590684489632
0.5583333333333327 0.5297733689996886
0.5599999999999994 0.5311861979581559
0.5616666666666661 0.5325975513998422
0.5633333333333328 0.5340074254043249
0.5649999999999995 0.5354158160552909
0.5666666666666662 0.5368227194405462
0.5683333333333329 0.538228131652029
0.5699999999999996 0.5396320487858189
0.5716666666666663 0.5410344669421485
0.573333333333333 0.542435382225414
0.5749999999999997 0.5438347907441851
0.5766666666666664 0.5452326886112178
0.5783333333333331 0.5466290719434634
0.5799999999999998 0.5480239368620791
0.5816666666666666 0.5494172794924405
0.5833333333333333 0.55080909596415
0.585 0.5521993824110499
0.5866666666666667 0.5535881349712309
0.5883333333333334 0.5549753497870443
0.5900000000000001 0.5563610230051114
0.5916666666666668 0.5577451507763345
0.5933333333333335 0.5591277292559096
0.5950000000000002 0.5605087546033315
0.5966666666666669 0.561888222982412
0.5983333333333336 0.5632661305612835
0.6000000000000003 0.5646424735124129
0.601666666666667 0.566017248012613
0.6033333333333337 0.5673904502430491
0.6050000000000004 0.5687620763892545
0.6066666666666671 0.5701321226411363
0.6083333333333338 0.5715005851929881
0.6100000000000005 0.572867460243501
0.6116666666666672 0.5742327439957715
0.613333333333334 0.5755964326573157
0.6150000000000007 0.5769585224400745
0.6166666666666674 0.578319009560428
0.6183333333333341 0.5796778902392046
0.6200000000000008 0.5810351607016899
0.6216666666666675 0.5823908171776393
0.6233333333333342 0.5837448559012849
0.6250000000000009 0.5850972731113491
0.6266666666666676 0.5864480650510525
0.6283333333333343 0.5877972279681251
0.630000000000001 0.5891447581148139
0.6316666666666677 0.5904906517478975
0.6333333333333344 0.5918349051286915
0.6350000000000011 0.5931775145230603
0.6366666666666678 0.5945184762014277
0.6383333333333345 0.5958577864387856
0.6400000000000012 0.5971954415147037
0.6416666666666679 0.5985314377133412
0.6433333333333346 0.5998657713234525
0.6450000000000014 0.6011984386384024
0.646666666666668 0.6025294359561714
0.6483333333333348 0.6038587595793662
0.6500000000000015 0.6051864058152305
0.6516666666666682 0.6065123709756547
0.6533333333333349 0.6078366513771826
0.6550000000000016 0.6091592433410246
0.6566666666666683 0.610480143193064
0.658333333333335 0.6117993472638681
0.6600000000000017 0.613116851888697
0.6616666666666684 0.614432653407514
0.6633333333333351 0.6157467481649912
0.6650000000000018 0.6170591325105231
0.6666666666666685 0.6183698027982342
0.6683333333333352 0.6196787553869868
0.6700000000000019 0.6209859866403915
0.6716666666666686 0.622291492926815
0.6733333333333353 0.6235952706193911
0.675000000000002 0.6248973160960273
0.6766666666666687 0.6261976257394162
0.6783333333333355 0.6274961959370415
0.6800000000000022 0.6287930230811895
0.6816666666666689 0.6300881035689561
0.6833333333333356 0.6313814338022565
0.6850000000000023 0.6326730101878348
0.686666666666669 0.6339628291372704
0.6883333333333357 0.6352508870669896
0.6900000000000024 0.6365371803982722
0.6916666666666691 0.6378217055572609
0.6933333333333358 0.6391044589749718
0.6950000000000025 0.6403854370873001
0.6966666666666692 0.6416646363350306
0.6983333333333359 0.6429420531638482
0.7000000000000026 0.6442176840243441
0.7016666666666693 0.6454915253720254
0.703333333333336 0.6467635736673271
0.7050000000000027 0.648033825375615
0.7066666666666694 0.6493022769672036
0.7083333333333361 0.6505689249173569
0.7100000000000029 0.6518337657063034
0.7116666666666696 0.6530967958192448
0.7133333333333363 0.6543580117463637
0.715000000000003 0.6556174099828369
0.7166666666666697 0.6568749870288433
0.7183333333333364 0.6581307393895748
0.7200000000000031 0.6593846635752473
0.7216666666666698 0.6606367561011139
0.7233333333333365 0.6618870134874721
0.7250000000000032 0.6631354322596802
0.7266666666666699 0.664382008948166
0.7283333333333366 0.6656267400884415
0.7300000000000033 0.6668696222211172
0.73166666666667 0.6681106518919115
0.7333333333333367 0.6693498256516706
0.7350000000000034 0.6705871400563802
0.7366666666666701 0.6718225916671812
0.7383333333333368 0.6730561770503893
0.7400000000000035 0.6742878927775081
0.7416666666666702 0.6755177354252516
0.743333333333337 0.6767457015755606
0.7450000000000037 0.6779717878156246
0.7466666666666704 0.6791959907379035
0.7483333333333371 0.6804183069401493
0.7500000000000038 0.681638733025432
0.7516666666666705 0.6828572656021628
0.7533333333333372 0.6840739012841258
0.7550000000000039 0.6852886366905019
0.7566666666666706 0.6865014684459031
0.7583333333333373 0.6877123931804046
0.760000000000004 0.6889214075295786
0.7616666666666707 0.6901285081345332
0.7633333333333374 0.6913336916419504
0.7650000000000041 0.6925369547041313
0.7666666666666708 0.6937382939790363
0.7683333333333375 0.694937706130338
0.7700000000000042 0.6961351878274697
0.7716666666666709 0.6973307357456814
0.7733333333333376 0.6985243465660977
0.7750000000000044 0.6997160169757801
0.7766666666666711 0.7009057436677928
0.7783333333333378 0.7020935233412748
0.7800000000000045 0.7032793527015145
0.7816666666666712 0.7044632284600323
0.7833333333333379 0.7056451473346631
0.7850000000000046 0.7068251060496515
0.7866666666666713 0.7080031013357484
0.788333333333338 0.7091791299303154
0.7900000000000047 0.7103531885774359
0.7916666666666714 0.7115252740280331
0.7933333333333381 0.7126953830399988
0.7950000000000048 0.7138635123783261
0.7966666666666715 0.7150296588152519
0.7983333333333382 0.7161938191304129
0.8000000000000049 0.7173559901110049
0.8016666666666716 0.7185161685519578
0.8033333333333383 0.7196743512561196
0.805000000000005 0.7208305350344523
0.8066666666666718 0.7219847167062398
0.8083333333333385 0.7231368930993094
0.8100000000000052 0.7242870610502705
0.8116666666666719 0.7254352174047598
0.8133333333333386 0.7265813590177118
0.8150000000000053 0.7277254827536395
0.816666666666672 0.728867585486935
0.8183333333333387 0.7300076641021884
0.8200000000000054 0.7311457154945243
0.8216666666666721 0.7322817365699642
0.8233333333333388 0.7334157242458028
0.8250000000000055 0.7345476754510165
0.8266666666666722 0.7356775871266868
0.8283333333333389 0.7368054562264582
0.8300000000000056 0.7379312797170156
0.8316666666666723 0.7390550545785959
0.833333333333339 0.7401767778055277
0.8350000000000057 0.7412964464068009
0.8366666666666724 0.7424140574066739
0.8383333333333391 0.7435296078453132
0.8400000000000059 0.7446430947794693
0.8416666666666726 0.7457545152831961
0.8433333333333393 0.7468638664486082
0.845000000000006 0.7479711453866819
0.8466666666666727 0.7490763492281038
0.8483333333333394 0.7501794751241674
0.8500000000000061 0.7512805202477181
0.8516666666666728 0.7523794817941563
0.8533333333333395 0.7534763569824928
0.8550000000000062 0.7545711430564651
0.8566666666666729 0.7556638372857178
0.8583333333333396 0.7567544369670459
0.8600000000000063 0.7578429394257092
0.861666666666673 0.7589293420168184
0.8633333333333397 0.760013642126799
0.8650000000000064 0.7610958371749363
0.8666666666666731 0.762175924615002
0.8683333333333398 0.7632539019369724
0.8700000000000065 0.7643297666688418
0.8716666666666733 0.7654035163785312
0.87333333333334 0.7664751486759028
0.8750000000000067 0.7675446612148834
0.8766666666666734 0.7686120516957013
0.8783333333333401 0.7696773178672471
0.8800000000000068 0.7707404575295567
0.8816666666666735 0.7718014685364318
0.8833333333333402 0.772860348798199
0.8850000000000069 0.7739170962846176
0.8866666666666736 0.7749717090279398
0.8883333333333403 0.7760241851261392
0.890000000000007 0.7770745227463066
0.8916666666666737 0.7781227201282278
0.8933333333333404 0.7791687755881557
0.8950000000000071 0.7802126875227733
0.8966666666666738 0.7812544544133769
0.8983333333333405 0.7822940748302759
0.9000000000000072 0.7833315474374266
0.9016666666666739 0.7843668709973093
0.9033333333333406 0.7854000443760691
0.9050000000000074 0.7864310665489237
0.9066666666666741 0.7874599366058581
0.9083333333333408 0.7884866537576251
0.9100000000000075 0.7895112173420562
0.9116666666666742 0.7905336268307159
0.9133333333333409 0.7915538818358989
0.9150000000000076 0.7925719821180088
0.9166666666666743 0.7935879275933193
0.918333333333341 0.794601718342153
0.9200000000000077 0.7956133546174966
0.9216666666666744 0.7966228368540705
0.9233333333333411 0.7976301656778853
0.9250000000000078 0.7986353419163085
0.9266666666666745 0.7996383666086724
0.9283333333333412 0.8006392410174434
0.9300000000000079 0.8016379666400014
0.9316666666666746 0.8026345452210459
0.9333333333333413 0.8036289787656736
0.935000000000008 0.8046212695531664
0.9366666666666748 0.8056114201515197
0.9383333333333415 0.8065994334327691
0.9400000000000082 0.8075853125891453
0.9416666666666749 0.8085690611501131
0.9433333333333416 0.8095506830003477
0.9450000000000083 0.8105301823986931
0.946666666666675 0.8115075639981689
0.9483333333333417 0.8124828328670837
0.9500000000000084 0.8134559945113147
0.9516666666666751 0.8144270548978323
0.9533333333333418 0.815396020479535
0.9550000000000085 0.8163628982214727
0.9566666666666752 0.8173276956285487
0.9583333333333419 0.818290420774778
0.9600000000000086 0.8192510823342057
0.9616666666666753 0.8202096896135769
0.963333333333342 0.8211662525868688
0.9650000000000087 0.8221207819318
0.9666666666666754 0.8230732890684308
