0.0 0.0
0.0016666666666666668 6.238051698456704e-11
0.0033333333333333335 1.0211196731918504e-10
0.005 1.2477282141515333e-10
0.006666666666666667 1.3482695515598664e-10
0.008333333333333333 1.35815345081447e-10
0.01 1.3051855429768722e-10
0.011666666666666667 1.2109404451399186e-10
0.013333333333333334 1.0919182051594145e-10
0.015000000000000001 9.605146192304126e-11
0.016666666666666666 8.258315906117808e-11
0.018333333333333333 6.943509656132107e-11
0.02 5.704928890404304e-11
0.021666666666666667 4.570746559018346e-11
0.023333333333333334 3.556862790410342e-11
0.025 2.6699590455203648e-11
0.02666666666666667 1.90995760873669e-11
0.028333333333333335 1.271989805151641e-11
0.030000000000000002 7.479451086256361e-12
0.03166666666666667 3.2768995850140925e-12
0.03333333333333333 0.0
0.034999999999999996 2.467366588820852e-12
0.03666666666666666 4.24002499777032e-12
0.03833333333333332 5.427810978453351e-12
0.03999999999999999 6.132996888119635e-12
0.04166666666666665 6.448883094201108e-12
0.043333333333333314 6.4588542847410224e-12
0.04499999999999998 6.2361019126377926e-12
0.04666666666666664 5.843776851310878e-12
0.048333333333333305 5.335440422804538e-12
0.04999999999999997 4.7556056315123385e-12
0.05166666666666663 4.140590648127329e-12
0.053333333333333295 3.519261271289764e-12
0.05499999999999996 2.9139746171580327e-12
0.05666666666666662 2.3413493366319926e-12
0.058333333333333286 1.8131468548787666e-12
0.05999999999999995 1.3369860774048448e-12
0.06166666666666661 9.17148301748938e-13
0.06333333333333328 5.550698789491548e-13
0.06499999999999995 2.501471252358556e-13
0.06666666666666661 0.0
0.06833333333333327 1.9888257707378898e-13
0.06999999999999994 3.508721091449729e-13
0.0716666666666666 4.608396997340947e-13
0.07333333333333326 5.339895192690847e-13
0.07499999999999993 5.755396159656812e-13
0.07666666666666659 5.90583137949352e-13
0.07833333333333325 5.839079220137933e-13
0.07999999999999992 5.600797603477758e-13
0.08166666666666658 5.23192600354605e-13
0.08333333333333325 4.76896300227736e-13
0.08499999999999991 4.245076512532364e-13
0.08666666666666657 3.687189442658223e-13
0.08833333333333324 3.1191715876843773e-13
0.0899999999999999 2.5594804053952203e-13
0.09166666666666656 2.0229651287451134e-13
0.09333333333333323 1.5228096561514803e-13
0.09499999999999989 1.0649814363716814e-13
0.09666666666666655 6.572520305780927e-14
0.09833333333333322 3.0184188481996443e-14
0.09999999999999988 2.7755575615628914e-17
0.10166666666666654 2.4952262478450393e-14
0.10333333333333321 4.488076577047195e-14
0.10499999999999987 6.004918784441315e-14
0.10666666666666653 7.085998454670062e-14
0.1083333333333332 7.774336729937659e-14
0.10999999999999986 8.117118088790676e-14
0.11166666666666653 8.168465903679589e-14
0.11333333333333319 7.971401316808624e-14
0.11499999999999985 7.57449658550513e-14
0.11666666666666652 7.02632396709646e-14
0.11833333333333318 6.35463903719824e-14
0.11999999999999984 5.612177389480166e-14
0.1216666666666665 4.8253068207770866e-14
0.12333333333333317 4.025946243046974e-14
0.12499999999999983 3.23491233800155e-14
0.1266666666666665 2.4730217873525362e-14
0.1283333333333332 1.7569279364693102e-14
0.12999999999999987 1.1018963519404679e-14
0.13166666666666654 5.162537064506978e-15
0.13333333333333322 2.7755575615628914e-17
0.1349999999999999 4.440892098500626e-15
0.13666666666666658 7.993605777301127e-15
0.13833333333333325 1.0852430065710905e-14
0.13999999999999993 1.301736496372996e-14
0.1416666666666666 1.4488410471358293e-14
0.14333333333333328 1.529332216421153e-14
0.14499999999999996 1.5681900222830336e-14
0.14666666666666664 1.5487611193520934e-14
0.14833333333333332 1.4932499681208355e-14
0.15 1.3988810110276972e-14
0.15166666666666667 1.2906342661267445e-14
0.15333333333333335 1.1601830607332886e-14
0.15500000000000003 1.0130785099704553e-14
0.1566666666666667 8.576472865229334e-15
0.15833333333333338 7.049916206369744e-15
0.16000000000000006 5.412337245047638e-15
0.16166666666666674 3.9968028886505635e-15
0.1633333333333334 2.581268532253489e-15
0.1650000000000001 1.304512053934559e-15
0.16666666666666677 1.6653345369377348e-16
0.16833333333333345 8.326672684688674e-16
0.17000000000000012 1.609823385706477e-15
0.1716666666666668 2.3592239273284576e-15
0.17333333333333348 2.886579864025407e-15
0.17500000000000016 3.219646771412954e-15
0.17666666666666683 3.469446951953614e-15
0.1783333333333335 3.58046925441613e-15
0.1800000000000002 3.524958103184872e-15
0.18166666666666687 3.4416913763379853e-15
0.18333333333333354 3.2751579226442118e-15
0.18500000000000022 2.914335439641036e-15
0.1866666666666669 2.6367796834847468e-15
0.18833333333333357 2.275957200481571e-15
0.19000000000000025 1.8596235662471372e-15
0.19166666666666693 1.4155343563970746e-15
0.1933333333333336 9.992007221626409e-16
0.19500000000000028 6.106226635438361e-16
0.19666666666666696 1.6653345369377348e-16
0.19833333333333364 2.498001805406602e-16
0.20000000000000032 5.828670879282072e-16
0.201666666666667 8.604228440844963e-16
0.20333333333333367 1.1379786002407855e-15
0.20500000000000035 1.3877787807814457e-15
0.20666666666666703 1.6375789613221059e-15
0.2083333333333337 1.8041124150158794e-15
0.21000000000000038 1.887379141862766e-15
0.21166666666666706 1.970645868709653e-15
0.21333333333333374 2.1649348980190553e-15
0.2150000000000004 2.192690473634684e-15
0.2166666666666671 2.0816681711721685e-15
0.21833333333333377 2.0539125955565396e-15
0.22000000000000045 2.0539125955565396e-15
0.22166666666666712 1.970645868709653e-15
0.2233333333333338 1.915134717478395e-15
0.22500000000000048 1.8318679906315083e-15
0.22666666666666715 1.7763568394002505e-15
0.22833333333333383 1.6653345369377348e-15
0.2300000000000005 1.582067810090848e-15
0.2316666666666672 1.5265566588595902e-15
0.23333333333333386 1.4710455076283324e-15
0.23500000000000054 1.4988010832439613e-15
0.23666666666666722 1.4155343563970746e-15
0.2383333333333339 1.3877787807814457e-15
0.24000000000000057 1.3600232051658168e-15
0.24166666666666725 1.3600232051658168e-15
0.24333333333333393 1.3600232051658168e-15
0.2450000000000006 1.4710455076283324e-15
0.24666666666666728 1.4710455076283324e-15
0.24833333333333396 1.4988010832439613e-15
0.2500000000000006 1.5543122344752192e-15
0.25166666666666726 1.609823385706477e-15
0.2533333333333339 1.8318679906315083e-15
0.25500000000000056 1.8318679906315083e-15
0.2566666666666672 1.887379141862766e-15
0.25833333333333386 1.887379141862766e-15
0.2600000000000005 1.9984014443252818e-15
0.26166666666666716 1.9984014443252818e-15
0.2633333333333338 2.0539125955565396e-15
0.26500000000000046 2.1094237467877974e-15
0.2666666666666671 2.0539125955565396e-15
0.26833333333333376 1.942890293094024e-15
0.2700000000000004 1.8318679906315083e-15
0.27166666666666706 1.7208456881689926e-15
0.2733333333333337 1.8318679906315083e-15
0.27500000000000036 1.6653345369377348e-15
0.276666666666667 1.4988010832439613e-15
0.27833333333333365 1.27675647831893e-15
0.2800000000000003 1.0547118733938987e-15
0.28166666666666695 8.326672684688674e-16
0.2833333333333336 5.551115123125783e-16
0.28500000000000025 2.7755575615628914e-16
0.2866666666666669 1.6653345369377348e-16
0.28833333333333355 5.551115123125783e-16
0.2900000000000002 9.43689570931383e-16
0.29166666666666685 1.6653345369377348e-15
0.2933333333333335 2.220446049250313e-15
0.29500000000000015 2.886579864025407e-15
0.2966666666666668 3.552713678800501e-15
0.29833333333333345 4.218847493575595e-15
0.3000000000000001 5.10702591327572e-15
0.30166666666666675 5.9396931817445875e-15
0.3033333333333334 6.827871601444713e-15
0.30500000000000005 7.827072323607354e-15
0.3066666666666667 9.048317650695026e-15
0.30833333333333335 1.021405182655144e-14
0.31 1.1435297153639112e-14
0.31166666666666665 1.2878587085651816e-14
0.3133333333333333 1.4432899320127035e-14
0.31499999999999995 1.609823385706477e-14
0.3166666666666666 1.787459069646502e-14
0.31833333333333325 1.9817480989559044e-14
0.3199999999999999 2.1760371282653068e-14
0.32166666666666655 2.3869795029440866e-14
0.3233333333333332 2.609024107869118e-14
0.32499999999999984 2.858824288409778e-14
0.3266666666666665 3.1252778143198157e-14
0.32833333333333314 3.4083846855992306e-14
0.3299999999999998 3.697042672001771e-14
0.33166666666666644 4.007905118896815e-14
0.3333333333333331 4.335420911161236e-14
0.33499999999999974 4.6906922790412864e-14
0.3366666666666664 5.062616992290714e-14
0.33833333333333304 5.445643935786393e-14
0.3399999999999997 5.845324224651449e-14
0.34166666666666634 6.283862319378386e-14
0.343333333333333 6.744604874597826e-14
0.34499999999999964 7.222000775186643e-14
0.3466666666666663 7.732703366514215e-14
0.34833333333333294 8.248957072964913e-14
0.3499999999999996 8.815170815523743e-14
0.35166666666666624 9.403589018575076e-14
0.3533333333333329 1.000310945187266e-13
0.35499999999999954 1.0635936575909e-13
0.3566666666666662 1.1307621505807219e-13
0.35833333333333284 1.2012613126444194e-13
0.3599999999999995 1.272870697732742e-13
0.36166666666666614 1.34781075189494e-13
0.3633333333333328 1.4266365866433262e-13
0.36499999999999944 1.5082379789532752e-13
0.3666666666666661 1.592614928824787e-13
0.36833333333333274 1.6803225477701744e-13
0.3699999999999994 1.773026170326375e-13
0.37166666666666603 1.8662849043948881e-13
0.3733333333333327 1.963984530561902e-13
0.37499999999999933 2.0661250488274163e-13
0.376666666666666 2.1699309016298685e-13
0.37833333333333263 2.277067423506196e-13
0.3799999999999993 2.389199948993337e-13
0.38166666666666593 2.502442697505103e-13
0.3833333333333326 2.6201263381153694e-13
0.38499999999999923 2.739475313262574e-13
0.3866666666666659 2.8632651805082787e-13
0.38833333333333253 2.990385716827859e-13
0.3899999999999992 3.11972669919669e-13
0.39166666666666583 3.252398350639396e-13
0.3933333333333325 3.387845559643665e-13
0.39499999999999913 3.526068326209497e-13
0.3966666666666658 3.665956427312267e-13
0.39833333333333243 3.809175197488912e-13
0.3999999999999991 3.9535041906901824e-13
0.40166666666666573 4.0994985184283905e-13
0.4033333333333324 4.2471581807035363e-13
0.404999999999999 4.3981485120525576e-13
0.4066666666666657 4.548028620376954e-13
0.4083333333333323 4.7001291747506e-13
0.409999999999999 4.850564394587309e-13
0.4116666666666656 5.003775171985581e-13
0.4133333333333323 5.154765503334602e-13
0.4149999999999989 5.305755834683623e-13
0.4166666666666656 5.455080831495707e-13
0.4183333333333322 5.602740493770852e-13
0.4199999999999989 5.748179709996748e-13
0.4216666666666655 5.890843368661081e-13
0.4233333333333322 6.030176358251538e-13
0.4249999999999988 6.162848009694244e-13
0.4266666666666655 6.292188992063075e-13
0.4283333333333321 6.41597885930878e-13
0.42999999999999877 6.530886942357483e-13
0.4316666666666654 6.640799021795374e-13
0.43333333333333207 6.739608870987013e-13
0.4349999999999987 6.830092047493963e-13
0.43666666666666537 6.908917882242349e-13
0.438333333333332 6.975531263719859e-13
0.43999999999999867 7.029377080414179e-13
0.4416666666666653 7.067124663251434e-13
0.44333333333333197 7.087663789206999e-13
0.4449999999999986 7.091549569793187e-13
0.44666666666666527 7.074341112911497e-13
0.4483333333333319 7.035483307049617e-13
0.44999999999999857 6.973310817670608e-13
0.4516666666666652 6.885048087212908e-13
0.45333333333333187 6.769584892651892e-13
0.4549999999999985 6.623035453401371e-13
0.45666666666666517 6.442624211899783e-13
0.4583333333333318 6.22668583361019e-13
0.45999999999999847 5.972999872483342e-13
0.4616666666666651 5.678235659445363e-13
0.46333333333333176 5.340172748447003e-13
0.4649999999999984 4.950484466803573e-13
0.46666666666666506 4.511946372076636e-13
0.4683333333333317 4.0178971261184415e-13
0.46999999999999836 3.462785613805863e-13
0.471666666666665 2.8449465006019636e-13
0.47333333333333166 2.1593837828959295e-13
0.4749999999999983 1.400546345564635e-13
0.47666666666666496 5.645484080218921e-14
0.4783333333333316 3.552713678800501e-14
0.47999999999999826 1.3644640972643174e-13
0.4816666666666649 2.4674706722294104e-13
0.48333333333333156 3.669842207898455e-13
0.4849999999999982 4.97990537695614e-13
0.48666666666666486 6.405986852087153e-13
0.4883333333333315 7.951417302365371e-13
0.48999999999999816 9.627854069549358e-13
0.4916666666666648 1.1438072711200675e-12
0.49333333333333146 1.3394285680590201e-12
0.4949999999999981 1.5506484984939561e-12
0.49666666666666476 1.7781331962396507e-12
0.4983333333333314 2.022770839715804e-12
0.49999999999999806 2.2859492077031973e-12
0.5016666666666647 2.5684454563190684e-12
0.5033333333333314 2.871314297436811e-12
0.5049999999999981 3.1960545321396694e-12
0.5066666666666648 3.5435543388473434e-12
0.5083333333333315 3.915257007491846e-12
0.5099999999999982 4.312605828005189e-12
0.5116666666666649 4.736711023411999e-12
0.5133333333333316 5.189182417097982e-12
0.5149999999999983 5.6718518770537685e-12
0.516666666666665 6.18560758169906e-12
0.5183333333333318 6.732780999385568e-12
0.5199999999999985 7.314648886591613e-12
0.5216666666666652 7.932987600156594e-12
0.5233333333333319 8.58996207497853e-12
0.5249999999999986 9.28723764559436e-12
0.5266666666666653 1.0026535157692251e-11
0.528333333333332 1.0810796702287462e-11
0.5299999999999987 1.1641132502404616e-11
0.5316666666666654 1.2520096071000353e-11
0.5333333333333321 1.3450129898728846e-11
0.5349999999999988 1.4433232387034423e-11
0.5366666666666655 1.5471846026571257e-11
0.5383333333333322 1.65681912633886e-11
0.5399999999999989 1.7725709788862787e-11
0.5416666666666656 1.8945511826018446e-11
0.5433333333333323 2.0231039066231915e-11
0.544999999999999 2.158484502245983e-11
0.5466666666666657 2.3009261163053907e-11
0.5483333333333325 2.4506952023273243e-11
0.5499999999999992 2.608102622758679e-11
0.5516666666666659 2.773381524434626e-11
0.5533333333333326 2.946809463111322e-11
0.5549999999999993 3.1286750967751686e-11
0.556666666666666 3.319200470031092e-11
0.5583333333333327 3.518607627484016e-11
0.5599999999999994 3.727307351653053e-11
0.5616666666666661 3.9453884603801725e-11
0.5633333333333328 4.173128509421531e-11
0.5649999999999995 4.410793952303038e-11
0.5666666666666662 4.6585291180178956e-11
0.5683333333333329 4.916544948940782e-11
0.5699999999999996 5.185007978525391e-11
0.5716666666666663 5.4640403313044317e-11
0.573333333333333 5.753786336271105e-11
0.5749999999999997 6.054268197885904e-11
0.5766666666666664 6.365574733990798e-11
0.5783333333333331 6.687717046816033e-11
0.5799999999999998 7.020561909598655e-11
0.5816666666666666 7.364076015647925e-11
0.5833333333333333 7.718026218128671e-11
0.585 8.082234881356953e-11
0.5866666666666667 8.456357836195139e-11
0.5883333333333334 8.840039811275346e-11
0.5900000000000001 9.232747899545757e-11
0.5916666666666668 9.633893682803318e-11
0.5933333333333335 1.004288874284498e-10
0.5950000000000002 1.0458711674488086e-10
0.5966666666666669 1.0880607526075892e-10
0.5983333333333336 1.1307377256741802e-10
0.6000000000000003 1.173773300777725e-10
0.601666666666667 1.217034251155269e-10
0.6033333333333337 1.2603473820149702e-10
0.6050000000000004 1.303540608788012e-10
0.6066666666666671 1.3464052095457646e-10
0.6083333333333338 1.388704706783983e-10
0.6100000000000005 1.4301926309912005e-10
0.6116666666666672 1.4705769935119406e-10
0.613333333333334 1.5095558136835052e-10
0.6150000000000007 1.546771599691965e-10
0.6166666666666674 1.5818446552628984e-10
0.6183333333333341 1.6143564263160215e-10
0.6200000000000008 1.6438417294040164e-10
0.6216666666666675 1.669803184611851e-10
0.6233333333333342 1.6916756884199913e-10
0.6250000000000009 1.7088619408411887e-10
0.6266666666666676 1.7207046898448652e-10
0.6283333333333343 1.7264922824722362e-10
0.630000000000001 1.7254364603758177e-10
0.6316666666666677 1.7167034460641162e-10
0.6333333333333344 1.699377305541816e-10
0.6350000000000011 1.6724654994249022e-10
0.6366666666666678 1.63490110338671e-10
0.6383333333333345 1.5855317059276786e-10
0.6400000000000012 1.52310719592208e-10
0.6416666666666679 1.4462953057403638e-10
0.6433333333333346 1.3536416432202714e-10
0.6450000000000014 1.2436029983575736e-10
0.646666666666668 1.1145151468383574e-10
0.6483333333333348 9.645850784778531e-11
0.6500000000000015 7.918976585585824e-11
0.6516666666666682 5.94410076715235e-11
0.6533333333333349 3.699185402439298e-11
0.6550000000000016 1.1608491945480637e-11
0.6566666666666683 1.695976692417389e-11
0.658333333333335 4.8980375311202806e-11
0.6600000000000017 8.473810542142246e-11
0.6616666666666684 1.245354930290432e-10
0.6633333333333351 1.686967232572556e-10
0.6650000000000018 2.175648550206688e-10
0.6666666666666685 2.715042635159648e-10
0.6683333333333352 3.309023055564353e-10
0.6700000000000019 3.9616965263888915e-10
0.6716666666666686 4.677425113897016e-10
0.6733333333333353 5.460811802748822e-10
0.675000000000002 6.31674157425266e-10
0.6766666666666687 7.250364753019767e-10
0.6783333333333355 8.267135864770125e-10
0.6800000000000022 9.372806974994319e-10
0.6816666666666689 1.0573445452521923e-09
0.6833333333333356 1.1875445071751756e-09
0.6850000000000023 1.328553267399002e-09
0.686666666666669 1.4810795923025921e-09
0.6883333333333357 1.6458669982455376e-09
0.6900000000000024 1.8236975263263844e-09
0.6916666666666691 2.0153918534049353e-09
0.6933333333333358 2.221808514946133e-09
0.6950000000000025 2.4438487900013683e-09
0.6966666666666692 2.682455479963153e-09
0.6983333333333359 2.9386125754982118e-09
0.7000000000000026 3.2133489202834653e-09
0.7016666666666693 3.507738544072936e-09
0.703333333333336 3.822898109184791e-09
0.7050000000000027 4.159994237973308e-09
0.7066666666666694 4.520235630245395e-09
0.7083333333333361 4.9048810568663725e-09
0.7100000000000029 5.315235473979385e-09
0.7116666666666696 5.752650134027704e-09
0.7133333333333363 6.218525250289986e-09
0.715000000000003 6.714305555988176e-09
0.7166666666666697 7.24148363495658e-09
0.7183333333333364 7.801597035062002e-09
0.7200000000000031 8.39622815718144e-09
0.7216666666666698 9.0270003694215e-09
0.7233333333333365 9.695580449609054e-09
0.7250000000000032 1.0403671812930781e-08
0.7266666666666699 1.1153015622156204e-08
0.7283333333333366 1.1945385569589462e-08
0.7300000000000033 1.2782583103110312e-08
0.73166666666667 1.3666438092307942e-08
0.7333333333333367 1.459879805931763e-08
0.7350000000000034 1.5581526069397e-08
0.7366666666666701 1.6616494957766292e-08
0.7383333333333368 1.7705576671467327e-08
0.7400000000000035 1.8850639604828245e-08
0.7416666666666702 2.00535346106534e-08
0.743333333333337 2.1316088782974418e-08
0.7450000000000037 2.264009291153002e-08
0.7466666666666704 2.402728904726814e-08
0.7483333333333371 2.5479358400914975e-08
0.7500000000000038 2.6997904911674198e-08
0.7516666666666705 2.858444170250607e-08
0.7533333333333372 3.0240367987488526e-08
0.7550000000000039 3.196695586016318e-08
0.7566666666666706 3.376532409227195e-08
0.7583333333333373 3.5636416151341166e-08
0.760000000000004 3.758097555373041e-08
0.7616666666666707 3.9599516665767e-08
0.7633333333333374 4.16922951718135e-08
0.7650000000000041 4.3859272880197864e-08
0.7666666666666708 4.610008708105795e-08
0.7683333333333375 4.8414005915375924e-08
0.7700000000000042 5.0799890072283915e-08
0.7716666666666709 5.325614571560777e-08
0.7733333333333376 5.5780675523031675e-08
0.7750000000000044 5.837082650561598e-08
0.7766666666666711 6.102333227619994e-08
0.7783333333333378 6.373425065486771e-08
0.7800000000000045 6.649889883192373e-08
0.7816666666666712 6.931177887192774e-08
0.7833333333333379 7.216650510510902e-08
0.7850000000000046 7.505571764099273e-08
0.7866666666666713 7.797099543793706e-08
0.788333333333338 8.090276026884169e-08
0.7900000000000047 8.384017524676324e-08
0.7916666666666714 8.677103580101431e-08
0.7933333333333381 8.96816497730768e-08
0.7950000000000048 9.255671407082389e-08
0.7966666666666715 9.537918066460094e-08
0.7983333333333382 9.813011014880857e-08
0.8000000000000049 1.0078852130668281e-07
0.8016666666666716 1.0333122468786371e-07
0.8033333333333383 1.0573264819235817e-07
0.805000000000005 1.0796464977591569e-07
0.8066666666666718 1.0999631827601775e-07
0.8083333333333385 1.117937614703024e-07
0.8100000000000052 1.1331987559426437e-07
0.8116666666666719 1.1453410952988463e-07
0.8133333333333386 1.1539220301504116e-07
0.8150000000000053 1.1584591474989026e-07
0.816666666666672 1.1584273029718872e-07
0.8183333333333387 1.1532555288518154e-07
0.8200000000000054 1.1423237522567575e-07
0.8216666666666721 1.1249592557494026e-07
0.8233333333333388 1.1004330058295153e-07
0.8250000000000055 1.0679556572412707e-07
0.8266666666666722 1.0266734040698111e-07
0.8283333333333389 9.756634877788883e-08
0.8300000000000056 9.139295098492539e-08
0.8316666666666723 8.403964046888035e-08
0.833333333333339 7.539051316562961e-08
0.8350000000000057 6.532070595532957e-08
0.8366666666666724 5.3695798585273735e-08
0.8383333333333391 4.0371182619125534e-08
0.8400000000000059 2.5191393859813616e-08
0.8416666666666726 7.989402250885291e-09
0.8433333333333393 1.1414137524035084e-08
0.845000000000006 3.321167807435188e-08
0.8466666666666727 5.760961996337244e-08
0.8483333333333394 8.482919844343684e-08
0.8500000000000061 1.151074213723291e-07
0.8516666666666728 1.4869806297390653e-07
0.8533333333333395 1.8587271111147885e-07
0.8550000000000062 2.2692187473527525e-07
0.8566666666666729 2.721561561669361e-07
0.8583333333333396 3.21907485889561e-07
0.8600000000000063 3.765304281699855e-07
0.861666666666673 4.3640355928964425e-07
0.8633333333333397 5.019309227138891e-07
0.8650000000000064 5.735435658626997e-07
0.8666666666666731 6.517011581497201e-07
0.8683333333333398 7.368937008367382e-07
0.8700000000000065 8.296433324783692e-07
0.8716666666666733 9.30506228846717e-07
0.87333333333334 1.0400746093264246e-06
0.8750000000000067 1.1589788521115807e-06
0.8766666666666734 1.2878897226453745e-06
0.8783333333333401 1.4275207262937073e-06
0.8800000000000068 1.5786305830323144e-06
0.8816666666666735 1.742025840134609e-06
0.8833333333333402 1.918563622194114e-06
0.8850000000000069 2.1091545315821136e-06
0.8866666666666736 2.31476570000666e-06
0.8883333333333403 2.5364240092695667e-06
0.890000000000007 2.7752194783348116e-06
0.8916666666666737 3.032308833583741e-06
0.8933333333333404 3.3089192723601e-06
0.8950000000000071 3.6063524184726248e-06
0.8966666666666738 3.9259884966336145e-06
0.8983333333333405 4.269290724501218e-06
0.9000000000000072 4.637809938756732e-06
0.9016666666666739 5.033189463543586e-06
0.9033333333333406 5.457170243916565e-06
0.9050000000000074 5.911596245189443e-06
0.9066666666666741 6.398420139830385e-06
0.9083333333333408 6.919709300223786e-06
0.9100000000000075 7.47765210118434e-06
0.9116666666666742 8.074564566751263e-06
0.9133333333333409 8.712897359042238e-06
0.9150000000000076 9.395243149690202e-06
0.9166666666666743 1.0124344372641758e-05
0.918333333333341 1.0903101395287607e-05
0.9200000000000077 1.1734581125910637e-05
0.9216666666666744 1.2622026075437276e-05
0.9233333333333411 1.3568863905799589e-05
0.9250000000000078 1.4578717489555082e-05
0.9266666666666745 1.5655415509407966e-05
0.9283333333333412 1.6803003620058377e-05
0.9300000000000079 1.8025756219564038e-05
0.9316666666666746 1.9328188848088956e-05
0.9333333333333413 2.0715071257670914e-05
0.935000000000008 2.219144119253169e-05
0.9366666666666748 2.376261890979503e-05
0.9383333333333415 2.5434222498343928e-05
0.9400000000000082 2.7212184026237374e-05
0.9416666666666749 2.9102766571864613e-05
0.9433333333333416 3.1112582193459914e-05
0.9450000000000083 3.3248610878611196e-05
0.946666666666675 3.551822054459475e-05
0.9483333333333417 3.7929188143825954e-05
0.9500000000000084 4.048972193604339e-05
0.9516666666666751 4.3208485005163944e-05
0.9533333333333418 4.6094620086756244e-05
0.9550000000000085 4.9157775784292035e-05
0.9566666666666752 5.2408134263215445e-05
0.9583333333333419 5.585644050176697e-05
0.9600000000000086 5.9514033202479055e-05
0.9616666666666753 6.339287745404931e-05
0.963333333333342 6.750559925661204e-05
0.9650000000000087 7.186552202331775e-05
0.9666666666666754 7.648670517312883e-05
