0.0 -0.0
0.0016666666666666668 -1.7577126437606132e-15
0.0033333333333333335 -2.8652580998146227e-15
0.005 -3.4864884615349e-15
0.006666666666666667 -3.751621449070144e-15
0.008333333333333333 -3.763206142145347e-15
0.01 -3.601148762120838e-15
0.011666666666666667 -3.3269320855867206e-15
0.013333333333333334 -2.9871447894294317e-15
0.015000000000000001 -2.616421792257122e-15
0.016666666666666666 -2.2398832464432907e-15
0.018333333333333333 -1.875148048317305e-15
0.02 -1.5339873909479915e-15
0.021666666666666667 -1.2236748226719034e-15
0.023333333333333334 -9.480813498137903e-16
0.025 -7.085572038202259e-16
0.02666666666666667 -5.04635864809685e-16
0.028333333333333335 -3.3459069119717033e-16
0.030000000000000002 -1.9586995557537076e-16
0.03166666666666667 -8.543214746747143e-17
0.03333333333333333 0.0
0.034999999999999996 6.375123578406356e-17
0.03666666666666666 1.0905826677495089e-16
0.03833333333333332 1.3897614318076724e-16
0.03999999999999999 1.5631756037792257e-16
0.04166666666666665 1.6361765835414564e-16
0.043333333333333314 1.6311823661174535e-16
0.04499999999999998 1.5676643335225414e-16
0.04666666666666664 1.462238708112311e-16
0.048333333333333305 1.328830682582429e-16
0.04999999999999997 1.178885919180683e-16
0.05166666666666663 1.0216096572554755e-16
0.053333333333333295 8.642182484214072e-17
0.05499999999999996 7.121916957349745e-17
0.05666666666666662 5.695188320436228e-17
0.058333333333333286 4.389292413045689e-17
0.05999999999999995 3.221079988146958e-17
0.06166666666666661 2.1989086277611853e-17
0.06333333333333328 1.3243875999758429e-17
0.06499999999999995 5.939133246401972e-18
0.06666666666666661 1.761475608930244e-31
0.06833333333333327 -4.6758509251279665e-18
0.06999999999999994 -8.20868674650157e-18
0.0716666666666666 -1.0728858450220747e-17
0.07333333333333326 -1.2370454418396722e-17
0.07499999999999993 -1.3266296623309071e-17
0.07666666666666659 -1.3544113509278509e-17
0.07833333333333325 -1.3323729416918527e-17
0.07999999999999992 -1.2715119200976635e-17
0.08166666666666658 -1.1817187558355575e-17
0.08333333333333325 -1.0717144719824421e-17
0.08499999999999991 -9.490362936253096e-18
0.08666666666666657 -8.200611116407565e-18
0.08833333333333324 -6.9005776734833285e-18
0.0899999999999999 -5.6326038333985125e-18
0.09166666666666656 -4.4295611507800905e-18
0.09333333333333323 -3.3158176348571974e-18
0.09499999999999989 -2.3082466258266946e-18
0.09666666666666655 -1.4172413431476125e-18
0.09833333333333322 -6.477058438775083e-19
0.09999999999999988 -4.4036890223256266e-32
0.10166666666666654 5.291779340126058e-19
0.10333333333333321 9.459824875150348e-19
0.10499999999999987 1.2586928908080079e-18
0.10666666666666653 1.477069184286165e-18
0.1083333333333332 1.6117930476917525e-18
0.10999999999999986 1.6739915573265503e-18
0.11166666666666653 1.6748402831773747e-18
0.11333333333333319 1.6252408001248347e-18
0.11499999999999985 1.5355667448710637e-18
0.11666666666666652 1.4154719441277563e-18
0.11833333333333318 1.2737538156407779e-18
0.11999999999999984 1.1182651522373989e-18
0.1216666666666665 9.558674955679055e-19
0.12333333333333317 7.924195507062585e-19
0.12499999999999983 6.327944501114461e-19
0.1266666666666665 4.80920114979292e-19
0.1283333333333332 3.398374573396871e-19
0.12999999999999987 2.1177169495309238e-19
0.13166666666666654 9.821259436914225e-20
0.13333333333333322 6.022138833949568e-33
0.1349999999999999 -8.258846368982988e-20
0.13666666666666658 -1.4975012350624235e-19
0.13833333333333325 -2.0207255306975888e-19
0.13999999999999993 -2.4045312302333043e-19
0.1416666666666666 -2.660240952500956e-19
0.14333333333333328 -2.800841905254543e-19
0.14499999999999996 -2.84037241006689e-19
0.14666666666666664 -2.7933826252145514e-19
0.14833333333333332 -2.6744704558419576e-19
0.15 -2.497891666107783e-19
0.15166666666666667 -2.277241595742821e-19
0.15333333333333335 -2.025204606414159e-19
0.15500000000000003 -1.7533664119884312e-19
0.1566666666666667 -1.4720837503238425e-19
0.15833333333333338 -1.1904054011997119e-19
0.16000000000000006 -9.160383142462342e-20
0.16166666666666674 -6.553525519273945e-20
0.1633333333333334 -4.1341884672114546e-20
0.1650000000000001 -1.940727912683373e-20
0.16666666666666677 1.2044277667899022e-33
0.16833333333333345 1.671630226988746e-20
0.17000000000000012 3.067171204344889e-20
0.1716666666666668 4.1878215223713933e-20
0.17333333333333348 5.0417590311344486e-20
0.17500000000000016 5.642935353789972e-20
0.17666666666666683 6.009903683339749e-20
0.1783333333333335 6.164702796696915e-20
0.1800000000000002 6.13181551876364e-20
0.18166666666666687 5.937215472235683e-20
0.18333333333333354 5.607511903507227e-20
0.18500000000000022 5.1691987142627885e-20
0.1866666666666669 4.648010572098007e-20
0.18833333333333357 4.068386130486432e-20
0.19000000000000025 3.453035957549682e-20
0.19166666666666693 2.822610745112646e-20
0.1933333333333336 2.1954637283586695e-20
0.19500000000000028 1.587499970507284e-20
0.19666666666666696 1.012104230562075e-20
0.19833333333333364 4.801385064642265e-21
0.20000000000000032 -8.280440896680512e-34
0.201666666666667 -4.222698485713154e-21
0.20333333333333367 -7.828344914855537e-21
0.20500000000000035 -1.0798785057687546e-20
0.20666666666666703 -1.3133994114720221e-20
0.2083333333333337 -1.4849829878394823e-20
0.21000000000000038 -1.597569333546017e-20
0.21166666666666706 -1.6552161843139737e-20
0.21333333333333374 -1.6628652254274247e-20
0.2150000000000004 -1.6261163395295103e-20
0.2166666666666671 -1.5510139307573053e-20
0.21833333333333377 -1.4438486813825544e-20
0.22000000000000045 -1.3109773408481362e-20
0.22166666666666712 -1.1586624311663509e-20
0.2233333333333338 -9.92933086505681e-21
0.22500000000000048 -8.194676356778422e-21
0.22666666666666715 -6.434979893464842e-21
0.22833333333333383 -4.697354124394979e-21
0.2300000000000005 -3.0231684808994916e-21
0.2316666666666672 -1.447706125781307e-21
0.23333333333333386 4.352959048452573e-34
0.23500000000000054 1.297168815872832e-21
0.23666666666666722 2.4271287727282795e-21
0.2383333333333339 3.379050904265588e-21
0.24000000000000057 4.147577088859115e-21
0.24166666666666725 4.732363367840181e-21
0.24333333333333393 5.137557768672264e-21
0.2450000000000006 5.3712313265817985e-21
0.24666666666666728 5.444779941665029e-21
0.24833333333333396 5.372313405540945e-21
0.2500000000000006 5.170046435857671e-21
0.25166666666666726 4.8557049195715925e-21
0.2533333333333339 4.447958835020433e-21
0.25500000000000056 3.965891542918357e-21
0.2566666666666672 3.428513348024081e-21
0.25833333333333386 2.8543254725857276e-21
0.2600000000000005 2.2609388814876414e-21
0.26166666666666716 1.6647507844921293e-21
0.2633333333333338 1.0806801357061662e-21
0.26500000000000046 5.219620725606267e-22
0.2666666666666671 -1.3329635363682583e-34
0.26833333333333376 -4.757270600353379e-22
0.2700000000000004 -8.977051625159102e-22
0.27166666666666706 -1.2603782549091026e-21
0.2733333333333337 -1.560097804066244e-21
0.27500000000000036 -1.7950343809048748e-21
0.276666666666667 -1.9650566580635727e-21
0.27833333333333365 -2.071583444663181e-21
0.2800000000000003 -2.117414421758624e-21
0.28166666666666695 -2.1065451636576024e-21
0.2833333333333336 -2.043971846734452e-21
0.28500000000000025 -1.9354907721369603e-21
0.2866666666666669 -1.787497475755913e-21
0.28833333333333355 -1.6067897820255134e-21
0.2900000000000002 -1.4003786914465035e-21
0.29166666666666685 -1.1753104887118206e-21
0.2933333333333335 -9.385029319383165e-22
0.29500000000000015 -6.965978459932111e-22
0.2966666666666668 -4.558319055822708e-22
0.29833333333333345 -2.219268669557521e-22
0.3000000000000001 1.428175217537433e-35
0.30166666666666675 2.0550500684100234e-22
0.3033333333333334 3.9086684109541017e-22
0.30500000000000005 5.53115637046412e-22
0.3066666666666667 6.900432594908156e-22
0.30833333333333335 8.001960493190234e-22
0.31 8.828515420285504e-22
0.31166666666666665 9.379808817240006e-22
0.3133333333333333 9.661988138121867e-22
0.31499999999999995 9.687032504410906e-22
0.3166666666666666 9.472064655598763e-22
0.31833333333333325 9.03859993834143e-22
0.3199999999999999 8.411752827086809e-22
0.32166666666666655 7.619420833683823e-22
0.3233333333333332 6.691464683266754e-22
0.32499999999999984 5.658902353057136e-22
0.3266666666666665 4.553133036136621e-22
0.32833333333333314 3.4052053513814406e-22
0.3299999999999998 2.2451422215248514e-22
0.33166666666666644 1.1013328310275252e-22
0.3333333333333331 1.428175217537444e-35
0.33499999999999974 -1.0352507863416933e-22
0.3366666666666664 -1.9837965301825568e-22
0.33833333333333304 -2.8282739123530364e-22
0.3399999999999997 -3.554768306467708e-22
0.34166666666666634 -4.1529162053264738e-22
0.343333333333333 -4.615924306037521e-22
0.34499999999999964 -4.940509987706521e-22
0.3466666666666663 -5.126769216146277e-22
0.34833333333333294 -5.17797901130916e-22
0.3499999999999996 -5.1003425068609e-22
0.35166666666666624 -4.902685313599134e-22
0.3533333333333329 -4.596112369439257e-22
0.35499999999999954 -4.193634722415221e-22
0.3566666666666662 -3.709775757044365e-22
0.35833333333333284 -3.160166249109949e-22
0.3599999999999995 -2.561137332826973e-22
0.36166666666666614 -1.9293200032632442e-22
0.3633333333333328 -1.2812591735404906e-22
0.36499999999999944 -6.330495800395725e-23
0.3666666666666661 -2.0670957095936803e-35
0.36833333333333274 6.03668664331056e-23
0.3699999999999994 1.1650868510594902e-22
0.37166666666666603 1.6729577783944066e-22
0.3733333333333327 2.1177343102360018e-22
0.37499999999999933 2.4917497231958196e-22
0.376666666666666 2.7893018533809127e-22
0.37833333333333263 3.006691064904473e-22
0.3799999999999993 3.1422133905412508e-22
0.38166666666666593 3.196111033934766e-22
0.3833333333333326 3.1704831799405794e-22
0.38499999999999923 3.0691607247734757e-22
0.3866666666666659 2.8975491024726238e-22
0.38833333333333253 2.6624438428413314e-22
0.3899999999999992 2.371823844667781e-22
0.39166666666666583 2.034627585043473e-22
0.3933333333333325 1.6605176113933999e-22
0.39499999999999913 1.2596386798165908e-22
0.3966666666666658 8.423748157532365e-23
0.39833333333333243 4.191103867852992e-23
0.3999999999999991 2.3427084708728382e-35
0.40166666666666573 -4.052483234087768e-23
0.4033333333333324 -7.875726758557677e-23
0.404999999999999 -1.1387359668061949e-22
0.4066666666666657 -1.4514808193751625e-22
0.4083333333333323 -1.7196582596702883e-22
0.409999999999999 -1.938328406586681e-22
0.4116666666666656 -2.1038319915903393e-22
0.4133333333333323 -2.213832161517667e-22
0.4149999999999989 -2.2673266309109686e-22
0.4166666666666656 -2.2646308428146908e-22
0.4183333333333322 -2.207333357931642e-22
0.4199999999999989 -2.0982252121353615e-22
0.4216666666666655 -1.9412054531379405e-22
0.4233333333333322 -1.7411654813457447e-22
0.4249999999999988 -1.5038551715539129e-22
0.4266666666666655 -1.2357340363858355e-22
0.4283333333333321 -9.438109058684634e-23
0.42999999999999877 -6.354757381998692e-23
0.4316666666666654 -3.1832724392203426e-23
0.43333333333333207 -2.423771047719642e-35
0.4349999999999987 3.120053463412078e-23
0.43666666666666537 6.104853286218656e-23
0.438333333333332 8.88687119495578e-23
0.43999999999999867 1.1404492152232887e-22
0.4416666666666653 1.3603266830227187e-22
0.44333333333333197 1.543698671113902e-22
0.4449999999999986 1.6868562815453737e-22
0.44666666666666527 1.7870693352009826e-22
0.4483333333333319 1.8426310082025528e-22
0.44999999999999857 1.8528797804847391e-22
0.4516666666666652 1.8181986018221146e-22
0.45333333333333187 1.7399916393317732e-22
0.4549999999999985 1.620639415005089e-22
0.45666666666666517 1.4634335640758997e-22
0.4583333333333318 1.2724928374687293e-22
0.45999999999999847 1.0526623272916779e-22
0.4616666666666651 8.093982071999357e-23
0.46333333333333176 5.486405441601863e-23
0.4649999999999984 2.766769503248121e-23
0.46666666666666506 2.674051753734156e-35
0.4683333333333317 -2.748385652722933e-23
0.46999999999999836 -5.413737819853725e-23
0.471666666666665 -7.933705199281757e-23
0.47333333333333166 -1.0249606870993614e-22
0.4749999999999983 -1.2307717608300332e-22
0.47666666666666496 -1.406044012543196e-22
0.4783333333333316 -1.5467340345160111e-22
0.47999999999999826 -1.6496024632624198e-22
0.4816666666666649 -1.7122841201624818e-22
0.48333333333333156 -1.7333391494857125e-22
0.4849999999999982 -1.7122841201625711e-22
0.48666666666666486 -1.6496024632625966e-22
0.4883333333333315 -1.546734034516272e-22
0.48999999999999816 -1.4060440125435333e-22
0.4916666666666648 -1.2307717608304404e-22
0.49333333333333146 -1.024960687099829e-22
0.4949999999999981 -7.933705199286933e-23
0.49666666666666476 -5.413737819859272e-23
0.4983333333333314 -2.7483856527287245e-23
0.49999999999999806 -3.2273038407136126e-35
0.5016666666666647 2.76676950324225e-23
0.5033333333333314 5.486405441596248e-23
0.5049999999999981 8.093982071994127e-23
0.5066666666666648 1.0526623272912056e-22
0.5083333333333315 1.2724928374683164e-22
0.5099999999999982 1.4634335640755557e-22
0.5116666666666649 1.6206394150048192e-22
0.5133333333333316 1.7399916393315844e-22
0.5149999999999983 1.8181986018220076e-22
0.516666666666665 1.8528797804847156e-22
0.5183333333333318 1.84263100820261e-22
0.5199999999999985 1.7870693352011206e-22
0.5216666666666652 1.686856281545583e-22
0.5233333333333319 1.5436986711141802e-22
0.5249999999999986 1.360326683023054e-22
0.5266666666666653 1.140449215223674e-22
0.528333333333332 8.886871194960021e-23
0.5299999999999987 6.104853286223177e-23
0.5316666666666654 3.12005346341677e-23
0.5333333333333321 2.3183896978187513e-35
0.5349999999999988 -3.1832724392156635e-23
0.5366666666666655 -6.354757381994192e-23
0.5383333333333322 -9.438109058680404e-23
0.5399999999999989 -1.2357340363854504e-22
0.5416666666666656 -1.5038551715535724e-22
0.5433333333333323 -1.7411654813454588e-22
0.544999999999999 -1.9412054531377106e-22
0.5466666666666657 -2.0982252121351941e-22
0.5483333333333325 -2.207333357931538e-22
0.5499999999999992 -2.2646308428146517e-22
0.5516666666666659 -2.267326630910992e-22
0.5533333333333326 -2.2138321615177537e-22
0.5549999999999993 -2.1038319915904815e-22
0.556666666666666 -1.9383284065868765e-22
0.5583333333333327 -1.7196582596705293e-22
0.5599999999999994 -1.4514808193754415e-22
0.5616666666666661 -1.1387359668065028e-22
0.5633333333333328 -7.875726758560971e-23
0.5649999999999995 -4.052483234091182e-23
0.5666666666666662 -1.1024510451166119e-35
0.5683333333333329 4.1911038678496007e-23
0.5699999999999996 8.42374815752911e-23
0.5716666666666663 1.2596386798162864e-22
0.573333333333333 1.6605176113931232e-22
0.5749999999999997 2.0346275850432252e-22
0.5766666666666664 2.3718238446675736e-22
0.5783333333333331 2.662443842841163e-22
0.5799999999999998 2.897549102472494e-22
0.5816666666666666 3.0691607247733873e-22
0.5833333333333333 3.1704831799405314e-22
0.585 3.196111033934756e-22
0.5866666666666667 3.1422133905412743e-22
0.5883333333333334 3.0066910649045246e-22
0.5900000000000001 2.789301853380987e-22
0.5916666666666668 2.4917497231959094e-22
0.5933333333333335 2.117734310236104e-22
0.5950000000000002 1.6729577783945117e-22
0.5966666666666669 1.1650868510595937e-22
0.5983333333333336 6.036686643311512e-23
0.6000000000000003 -1.2402574257562001e-35
0.601666666666667 -6.33049580039506e-23
0.6033333333333337 -1.2812591735404436e-22
0.6050000000000004 -1.9293200032632174e-22
0.6066666666666671 -2.5611373328269665e-22
0.6083333333333338 -3.160166249109957e-22
0.6100000000000005 -3.7097757570443916e-22
0.6116666666666672 -4.1936347224152568e-22
0.613333333333334 -4.596112369439295e-22
0.6150000000000007 -4.902685313599162e-22
0.6166666666666674 -5.10034250686092e-22
0.6183333333333341 -5.1779790113091525e-22
0.6200000000000008 -5.126769216146237e-22
0.6216666666666675 -4.940509987706436e-22
0.6233333333333342 -4.61592430603738e-22
0.6250000000000009 -4.152916205326272e-22
0.6266666666666676 -3.5547683064674387e-22
0.6283333333333343 -2.8282739123526894e-22
0.630000000000001 -1.983796530182134e-22
0.6316666666666677 -1.0352507863411952e-22
0.6333333333333344 7.140876087687326e-35
0.6350000000000011 1.1013328310281618e-22
0.6366666666666678 2.245142221525541e-22
0.6383333333333345 3.4052053513821685e-22
0.6400000000000012 4.553133036137369e-22
0.6416666666666679 5.658902353057881e-22
0.6433333333333346 6.691464683267465e-22
0.6450000000000014 7.619420833684479e-22
0.646666666666668 8.411752827087375e-22
0.6483333333333348 9.038599938341868e-22
0.6500000000000015 9.472064655599035e-22
0.6516666666666682 9.687032504410981e-22
0.6533333333333349 9.661988138121716e-22
0.6550000000000016 9.379808817239598e-22
0.6566666666666683 8.828515420284806e-22
0.658333333333335 8.001960493189233e-22
0.6600000000000017 6.900432594906835e-22
0.6616666666666684 5.531156370462471e-22
0.6633333333333351 3.9086684109521273e-22
0.6650000000000018 2.0550500684077376e-22
0.6666666666666685 -2.4278978698137473e-34
0.6683333333333352 -2.219268669560339e-22
0.6700000000000019 -4.55831905582572e-22
0.6716666666666686 -6.965978459935254e-22
0.6733333333333353 -9.385029319386364e-22
0.675000000000002 -1.1753104887121367e-21
0.6766666666666687 -1.4003786914468067e-21
0.6783333333333355 -1.6067897820257927e-21
0.6800000000000022 -1.7874974757561556e-21
0.6816666666666689 -1.9354907721371547e-21
0.6833333333333356 -2.0439718467345834e-21
0.6850000000000023 -2.1065451636576596e-21
0.686666666666669 -2.117414421758598e-21
0.6883333333333357 -2.0715834446630586e-21
0.6900000000000024 -1.9650566580633444e-21
0.6916666666666691 -1.7950343809045314e-21
0.6933333333333358 -1.5600978040657814e-21
0.6950000000000025 -1.2603782549085179e-21
0.6966666666666692 -8.97705162515203e-22
0.6983333333333359 -4.757270600345141e-22
0.7000000000000026 7.997781218210242e-34
0.7016666666666693 5.219620725616561e-22
0.703333333333336 1.0806801357072753e-21
0.7050000000000027 1.664750784493295e-21
0.7066666666666694 2.2609388814888364e-21
0.7083333333333361 2.8543254725869238e-21
0.7100000000000029 3.42851334802524e-21
0.7116666666666696 3.9658915429194386e-21
0.7133333333333363 4.447958835021392e-21
0.715000000000003 4.855704919572387e-21
0.7166666666666697 5.170046435858252e-21
0.7183333333333364 5.3723134055412645e-21
0.7200000000000031 5.4447799416650375e-21
0.7216666666666698 5.371231326581462e-21
0.7233333333333365 5.137557768671553e-21
0.7250000000000032 4.732363367839055e-21
0.7266666666666699 4.147577088857553e-21
0.7283333333333366 3.379050904263585e-21
0.7300000000000033 2.427128772725839e-21
0.73166666666667 1.2971688158699587e-21
0.7333333333333367 -2.840878536885212e-33
0.7350000000000034 -1.4477061257849448e-21
0.7366666666666701 -3.0231684809034368e-21
0.7383333333333368 -4.6973541243991496e-21
0.7400000000000035 -6.43497989346915e-21
0.7416666666666702 -8.194676356782764e-21
0.743333333333337 -9.929330865061068e-21
0.7450000000000037 -1.1586624311667534e-20
0.7466666666666704 -1.3109773408485005e-20
0.7483333333333371 -1.443848681382864e-20
0.7500000000000038 -1.551013930757546e-20
0.7516666666666705 -1.6261163395296605e-20
0.7533333333333372 -1.6628652254274686e-20
0.7550000000000039 -1.6552161843138958e-20
0.7566666666666706 -1.597569333545804e-20
0.7583333333333373 -1.4849829878391146e-20
0.760000000000004 -1.3133994114714905e-20
0.7616666666666707 -1.0798785057680521e-20
0.7633333333333374 -7.828344914846756e-21
0.7650000000000041 -4.222698485702597e-21
0.7666666666666708 1.1442063784506008e-32
0.7683333333333375 4.8013850646561395e-21
0.7700000000000042 1.012104230563606e-20
0.7716666666666709 1.5874999705089323e-20
0.7733333333333376 2.1954637283604037e-20
0.7750000000000044 2.822610745114427e-20
0.7766666666666711 3.4530359575514686e-20
0.7783333333333378 4.068386130488159e-20
0.7800000000000045 4.64801057209961e-20
0.7816666666666712 5.169198714264214e-20
0.7833333333333379 5.607511903508394e-20
0.7850000000000046 5.937215472236503e-20
0.7866666666666713 6.131815518764034e-20
0.788333333333338 6.16470279669681e-20
0.7900000000000047 6.009903683339063e-20
0.7916666666666714 5.642935353788623e-20
0.7933333333333381 5.041759031132363e-20
0.7950000000000048 4.187821522368521e-20
0.7966666666666715 3.067171204341192e-20
0.7983333333333382 1.6716302269841857e-20
0.8000000000000049 -5.299482173876785e-32
0.8016666666666716 -1.940727912689628e-20
0.8033333333333383 -4.134188467218493e-20
0.805000000000005 -6.553525519281672e-20
0.8066666666666718 -9.16038314247062e-20
0.8083333333333385 -1.19040540120058e-19
0.8100000000000052 -1.47208375032473e-19
0.8116666666666719 -1.7533664119893082e-19
0.8133333333333386 -2.0252046064149956e-19
0.8150000000000053 -2.277241595743585e-19
0.816666666666672 -2.497891666108435e-19
0.8183333333333387 -2.6744704558424497e-19
0.8200000000000054 -2.7933826252148384e-19
0.8216666666666721 -2.840372410066925e-19
0.8233333333333388 -2.800841905254278e-19
0.8250000000000055 -2.660240952500335e-19
0.8266666666666722 -2.404531230232278e-19
0.8283333333333389 -2.0207255306961161e-19
0.8300000000000056 -1.4975012350604666e-19
0.8316666666666723 -8.258846368958241e-20
0.833333333333339 3.0712908053151786e-31
0.8350000000000057 9.821259436949744e-20
0.8366666666666724 2.1177169495350068e-19
0.8383333333333391 3.3983745734014454e-19
0.8400000000000059 4.809201149797928e-19
0.8416666666666726 6.327944501119826e-19
0.8433333333333393 7.924195507068207e-19
0.845000000000006 9.558674955684763e-19
0.8466666666666727 1.1182651522379624e-18
0.8483333333333394 1.2737538156413108e-18
0.8500000000000061 1.4154719441282316e-18
0.8516666666666728 1.535566744871451e-18
0.8533333333333395 1.6252408001250957e-18
0.8550000000000062 1.6748402831774762e-18
0.8566666666666729 1.6739915573264507e-18
0.8583333333333396 1.6117930476914035e-18
0.8600000000000063 1.4770691842855258e-18
0.861666666666673 1.2586928908070324e-18
0.8633333333333397 9.459824875136807e-19
0.8650000000000064 5.291779340108327e-19
0.8666666666666731 -2.2703463403998663e-30
0.8683333333333398 -6.477058438802117e-19
0.8700000000000065 -1.4172413431508074e-18
0.8716666666666733 -2.3082466258303723e-18
0.87333333333334 -3.3158176348613427e-18
0.8750000000000067 -4.42956115078465e-18
0.8766666666666734 -5.632603833403414e-18
0.8783333333333401 -6.9005776734884646e-18
0.8800000000000068 -8.200611116412782e-18
0.8816666666666735 -9.490362936258211e-18
0.8833333333333402 -1.0717144719829193e-17
0.8850000000000069 -1.1817187558359714e-17
0.8866666666666736 -1.2715119200979813e-17
0.8883333333333403 -1.3323729416920329e-17
0.890000000000007 -1.3544113509278484e-17
0.8916666666666737 -1.3266296623306741e-17
0.8933333333333404 -1.23704544183915e-17
0.8950000000000071 -1.0728858450212074e-17
0.8966666666666738 -8.208686746488836e-18
0.8983333333333405 -4.675850925110532e-18
0.9000000000000072 2.289918291610499e-29
0.9016666666666739 5.939133246430536e-18
0.9033333333333406 1.3243875999793291e-17
0.9050000000000074 2.1989086277653312e-17
0.9066666666666741 3.2210799881517765e-17
0.9083333333333408 4.389292413051169e-17
0.9100000000000075 5.695188320442327e-17
0.9116666666666742 7.121916957356358e-17
0.9133333333333409 8.642182484221075e-17
0.9150000000000076 1.0216096572561936e-16
0.9166666666666743 1.1788859191813882e-16
0.918333333333341 1.3288306825830859e-16
0.9200000000000077 1.4622387081128707e-16
0.9216666666666744 1.5676643335229452e-16
0.9233333333333411 1.6311823661176283e-16
0.9250000000000078 1.6361765835413147e-16
0.9266666666666745 1.5631756037786683e-16
0.9283333333333412 1.38976143180658e-16
0.9300000000000079 1.090582667747748e-16
0.9316666666666746 6.375123578380602e-17
0.9333333333333413 -3.5511348276058553e-28
0.935000000000008 -8.543214746794094e-17
0.9366666666666748 -1.9586995557597202e-16
0.9383333333333415 -3.3459069119791955e-16
0.9400000000000082 -5.046358648105978e-16
0.9416666666666749 -7.085572038213154e-16
0.9433333333333416 -9.480813498150626e-16
0.9450000000000083 -1.223674822673359e-15
0.946666666666675 -1.5339873909496209e-15
0.9483333333333417 -1.875148048319079e-15
0.9500000000000084 -2.2398832464451686e-15
0.9516666666666751 -2.6164217922590303e-15
0.9533333333333418 -2.987144789431261e-15
0.9550000000000085 -3.3269320855883256e-15
0.9566666666666752 -3.601148762122006e-15
0.9583333333333419 -3.763206142145799e-15
0.9600000000000086 -3.751621449069509e-15
0.9616666666666753 -3.4864884615327037e-15
0.963333333333342 -2.8652580998102398e-15
0.9650000000000087 -1.7577126437532677e-15
0.9666666666666754 1.1299513736177471e-26
