0 	 0.0
0.05 	 0.04664584211018496
0.1 	 0.09316679936277439
0.15000000000000002 	 0.13943829913944095
0.2 	 0.185336392519954
0.25 	 0.2307380641820877
0.3 	 0.27552153996801626
0.35 	 0.3195665913484417
0.39999999999999997 	 0.3627548360234486
0.44999999999999996 	 0.40497003390874264
0.49999999999999994 	 0.4460983777674566
0.5499999999999999 	 0.4860287777610981
0.6 	 0.5246531392084066
0.65 	 0.5618666328578671
0.7000000000000001 	 0.5975679569983391
0.7500000000000001 	 0.6316595907526588
0.8000000000000002 	 0.6640480379211129
0.8500000000000002 	 0.6946440607652996
0.9000000000000002 	 0.7233629031480399
0.9500000000000003 	 0.7501245024716016
1.0000000000000002 	 0.7748536898845036
1.0500000000000003 	 0.7974803782564839
1.1000000000000003 	 0.8179397374517909
1.1500000000000004 	 0.8361723564627073
1.2000000000000004 	 0.8521243919980528
1.2500000000000004 	 0.8657477031552749
1.3000000000000005 	 0.8769999718395123
1.3500000000000005 	 0.885844808628647
1.4000000000000006 	 0.8922518438197388
1.4500000000000006 	 0.8961968034292674
1.5000000000000007 	 0.8976615699572253
1.5500000000000007 	 0.8966342277631777
1.6000000000000008 	 0.8931090929408748
1.6500000000000008 	 0.8870867276167432
1.7000000000000008 	 0.8785739386365166
1.7500000000000009 	 0.8675837606432872
1.800000000000001 	 0.8541354235892752
1.850000000000001 	 0.8382543047625146
1.900000000000001 	 0.8199718654483671
1.950000000000001 	 0.7993255723841739
2.000000000000001 	 0.7763588042033672
2.0500000000000007 	 0.7511207431028811
2.1000000000000005 	 0.7236662520046371
2.1500000000000004 	 0.6940557375181347
2.2 	 0.6623549990466678
2.25 	 0.6286350644143222
2.3 	 0.5929720124246013
2.3499999999999996 	 0.5554467827941871
2.3999999999999995 	 0.5161449739369056
2.4499999999999993 	 0.475156629103327
2.499999999999999 	 0.43257601141054247
2.549999999999999 	 0.38850136832442206
2.5999999999999988 	 0.3430346861830265
2.6499999999999986 	 0.2962814353747348
2.6999999999999984 	 0.2483503068080075
2.7499999999999982 	 0.19935294033147521
2.799999999999998 	 0.14940364578315796
2.849999999999998 	 0.0986191173660462
2.8999999999999977 	 0.04711814206395615
2.9499999999999975 	 0.004978697173535052
2.9999999999999973 	 0.05754932273519117
3.049999999999997 	 0.11047046738815251
3.099999999999997 	 0.16361798229146735
3.149999999999997 	 0.21686714721324485
3.1999999999999966 	 0.27009298217604943
3.2499999999999964 	 0.32317055975158804
3.2999999999999963 	 0.37597531722411387
3.349999999999996 	 0.4283833678423064
3.399999999999996 	 0.480271810381656
3.4499999999999957 	 0.5315190362436133
3.4999999999999956 	 0.582005033323914
3.5499999999999954 	 0.6316116858905694
3.599999999999995 	 0.6802230697219824
3.649999999999995 	 0.727725741767502
3.699999999999995 	 0.7740090236064125
3.7499999999999947 	 0.8189652779968619
3.7999999999999945 	 0.8624901778235008
3.8499999999999943 	 0.9044829667716038
3.899999999999994 	 0.9448467110761243
3.949999999999994 	 0.9834885417164447
3.999999999999994 	 1.0203198864514589
4.049999999999994 	 1.0552566911150218
4.099999999999993 	 1.0882196296186477
4.149999999999993 	 1.1191343021365538
4.199999999999993 	 1.1479314209776978
4.249999999999993 	 1.1745469836802216
4.299999999999993 	 1.1989224328956585
4.3499999999999925 	 1.2210048026632814
4.399999999999992 	 1.2407468507089732
4.449999999999992 	 1.2581071764379534
4.499999999999992 	 1.2730503243264344
4.549999999999992 	 1.2855468724537849
4.599999999999992 	 1.2955735059539197
4.6499999999999915 	 1.3031130752023217
4.699999999999991 	 1.3081546385932639
4.749999999999991 	 1.31069348980031
4.799999999999991 	 1.3107311694519586
4.849999999999991 	 1.3082754611932463
4.899999999999991 	 1.3033403721431585
4.94999999999999 	 1.2959460977966906
4.99999999999999 	 1.2861189714592927
5.04999999999999 	 1.2738913983400804
5.09999999999999 	 1.25930177446855
5.14999999999999 	 1.2423943906374617
5.1999999999999895 	 1.2232193216119893
5.249999999999989 	 1.201832300882048
5.299999999999989 	 1.1782945812708667
5.349999999999989 	 1.1526727817482012
5.399999999999989 	 1.1250387208310837
5.449999999999989 	 1.0954692369885184
5.4999999999999885 	 1.0640459964990165
5.549999999999988 	 1.0308552892412317
5.599999999999988 	 0.9959878129281128
5.649999999999988 	 0.9595384463238742
5.699999999999988 	 0.92160601201063
5.749999999999988 	 0.8822930292976449
5.799999999999987 	 0.8417054578908105
5.849999999999987 	 0.7999524329630314
5.899999999999987 	 0.7571459922877152
5.949999999999987 	 0.7134007961173866
5.999999999999987 	 0.6688338405075883
6.0499999999999865 	 0.6235641648026073
6.099999999999986 	 0.5777125540141627
6.149999999999986 	 0.5314012368369528
6.199999999999986 	 0.48475358005586855
6.249999999999986 	 0.4378937801086947
6.299999999999986 	 0.3909465525752337
6.349999999999985 	 0.3440368203689676
6.399999999999985 	 0.29728940141062
6.449999999999985 	 0.2508286965642673
6.499999999999985 	 0.20477837861600393
6.549999999999985 	 0.15926108307254788
6.5999999999999845 	 0.11439810155263486
6.649999999999984 	 0.07030907853755863
6.699999999999984 	 0.027111712238829966
6.749999999999984 	 0.015078539669374558
6.799999999999984 	 0.05614874871745418
6.849999999999984 	 0.09598879798580084
6.8999999999999835 	 0.1344916574226681
6.949999999999983 	 0.1715536514463476
6.999999999999983 	 0.2070747181627784
7.049999999999983 	 0.24095865955068474
7.099999999999983 	 0.2731133819889074
7.149999999999983 	 0.3034511265247307
7.199999999999982 	 0.3318886883076612
7.249999999999982 	 0.35834762464017955
7.299999999999982 	 0.3827544511254499
7.349999999999982 	 0.4050408254217174
7.399999999999982 	 0.4251437181441048
7.4499999999999815 	 0.44300557048663836
7.499999999999981 	 0.4585744381705311
7.549999999999981 	 0.4718041213589284
7.599999999999981 	 0.48265428021339113
7.649999999999981 	 0.4910905358032902
7.699999999999981 	 0.49708455611588576
7.7499999999999805 	 0.5006141269521132
7.79999999999998 	 0.5016632075308687
7.84999999999998 	 0.5002219706628175
7.89999999999998 	 0.4962868273933051
7.94999999999998 	 0.48986043605277585
7.99999999999998 	 0.4809516956920846
8.04999999999998 	 0.4695757239190955
8.09999999999998 	 0.4557538191919783
8.14999999999998 	 0.4395134076634375
8.199999999999982 	 0.4208879747087404
8.249999999999982 	 0.39991698130868736
8.299999999999983 	 0.3766457654965195
8.349999999999984 	 0.35112542911509903
8.399999999999984 	 0.32341271016740336
8.449999999999985 	 0.2935698410793953
8.499999999999986 	 0.2616643932295344
8.549999999999986 	 0.22776910813352347
8.599999999999987 	 0.191961715706241
8.649999999999988 	 0.15432474005510932
8.699999999999989 	 0.11494529329031167
8.74999999999999 	 0.07391485786722396
8.79999999999999 	 0.03132905800509489
8.84999999999999 	 0.012712579246697109
8.899999999999991 	 0.05810687269759851
8.949999999999992 	 0.10474724483845516
8.999999999999993 	 0.15252398815328544
9.049999999999994 	 0.2013245392546112
9.099999999999994 	 0.2510337601571545
9.149999999999995 	 0.3015342259868615
9.199999999999996 	 0.3527065184061287
9.249999999999996 	 0.4044295240218284
9.299999999999997 	 0.45658073703026436
9.349999999999998 	 0.5090365653426071
9.399999999999999 	 0.5616726394256515
9.45 	 0.6143641230859609
9.5 	 0.6669860254205979
9.55 	 0.7194135131547281
9.600000000000001 	 0.7715222225854164
9.650000000000002 	 0.8231885703519198
9.700000000000003 	 0.8742900622557159
9.750000000000004 	 0.9247055993583722
9.800000000000004 	 0.9743157805921818
9.850000000000005 	 1.023003201127186
9.900000000000006 	 1.0706527457488315
9.950000000000006 	 1.1171518765129678
10.000000000000007 	 1.162390913959197
10.050000000000008 	 1.206263311179693
10.100000000000009 	 1.2486659200584582
10.15000000000001 	 1.2894992490155626
10.20000000000001 	 1.3286677116121337
10.25000000000001 	 1.3660798653947261
10.300000000000011 	 1.4016486403820714
10.350000000000012 	 1.4352915566231204
10.400000000000013 	 1.4669309302825948
10.450000000000014 	 1.4964940677389422
10.500000000000014 	 1.5239134472095484
10.550000000000015 	 1.5491268874492472
10.600000000000016 	 1.572077703100459
10.650000000000016 	 1.5927148463066745
10.700000000000017 	 1.610993034235321
10.750000000000018 	 1.6268728621912665
10.800000000000018 	 1.6403209020382463
10.85000000000002 	 1.6513097856822023
10.90000000000002 	 1.6598182734078786
10.95000000000002 	 1.6658313068978587
11.000000000000021 	 1.6693400468015371
11.050000000000022 	 1.6703418947601116
11.100000000000023 	 1.6688404998325534
11.150000000000023 	 1.664845749306493
11.200000000000024 	 1.6583737439169854
11.250000000000025 	 1.6494467575351064
11.300000000000026 	 1.6380931814271262
11.350000000000026 	 1.6243474532235895
11.400000000000027 	 1.6082499707758497
11.450000000000028 	 1.5898469911153554
11.500000000000028 	 1.569190514768258
11.55000000000003 	 1.5463381557144809
11.60000000000003 	 1.5213529973162876
11.65000000000003 	 1.4943034345764628
11.700000000000031 	 1.4652630031203648
11.750000000000032 	 1.434310195329319
11.800000000000033 	 1.4015282640849138
11.850000000000033 	 1.3670050146147439
11.900000000000034 	 1.3308325849598754
11.950000000000035 	 1.293107215612751
12.000000000000036 	 1.2539290089013209
12.050000000000036 	 1.213401678720817
12.100000000000037 	 1.171632291238708
12.150000000000038 	 1.1287309972209394
12.200000000000038 	 1.0848107566485068
12.250000000000039 	 1.0399870563126747
12.30000000000004 	 0.9943776210947095
12.35000000000004 	 0.9481021196517745
12.400000000000041 	 0.9012818652446226
12.450000000000042 	 0.8540395124548623
12.500000000000043 	 0.8064987505498422
12.550000000000043 	 0.7587839942615882
12.600000000000044 	 0.7110200727526841
12.650000000000045 	 0.663331917546517
12.700000000000045 	 0.6158442502019039
12.750000000000046 	 0.5686812705127483
12.800000000000047 	 0.5219663460120656
12.850000000000048 	 0.47582170355646114
12.900000000000048 	 0.43036812376193107
12.950000000000049 	 0.3857246390547469
13.00000000000005 	 0.34200823609213465
13.05000000000005 	 0.2993335632965438
13.100000000000051 	 0.2578126442345179
13.150000000000052 	 0.21755459755657658
13.200000000000053 	 0.17866536419810286
13.250000000000053 	 0.1412474425231044
13.300000000000054 	 0.10539963207284375
13.350000000000055 	 0.07121678655983665
13.400000000000055 	 0.038789576724604924
13.450000000000056 	 0.008204263647917598
13.500000000000057 	 0.020457516914874074
13.550000000000058 	 0.04711895863835891
13.600000000000058 	 0.07170827666028912
13.650000000000059 	 0.09415888706351838
13.70000000000006 	 0.1144095733580458
13.75000000000006 	 0.1324046395470445
13.800000000000061 	 0.14809404939429172
13.850000000000062 	 0.16143355154489814
13.900000000000063 	 0.1723847901866058
13.950000000000063 	 0.18091540097505554
14.000000000000064 	 0.1869990919832577
14.050000000000065 	 0.19061570947293793
14.100000000000065 	 0.1917512883233613
14.150000000000066 	 0.19039808699158745
14.200000000000067 	 0.1865546069167774
14.250000000000068 	 0.18022559632004675
14.300000000000068 	 0.17142203839036696
14.350000000000069 	 0.16016112388604964
14.40000000000007 	 0.146466208220284
14.45000000000007 	 0.1303667531380034
14.500000000000071 	 0.11189825312984725
14.550000000000072 	 0.09110214676714967
14.600000000000072 	 0.0680257131795714
14.650000000000073 	 0.042721953934123924
14.700000000000074 	 0.015249460610824772
14.750000000000075 	 0.014327731594017346
14.800000000000075 	 0.045940303870984134
14.850000000000076 	 0.07951382700725995
14.900000000000077 	 0.11496894736995
14.950000000000077 	 0.15222158519813977
15.000000000000078 	 0.19118314470806919
