0	0.0	0	0.0	0.0
0.01	3.3416833611354946e-07	3.3416875e-07	4.1388645054127454e-13	4.140014438718366e-13
0.02	2.680053511561198e-06	2.680054326771529e-06	8.152103310839686e-13	3.9722787821275365e-13
0.03	9.06790703369964e-06	9.06790823721466e-06	1.2035150199834425e-12	3.8028573345894044e-13
0.04	2.154838477652632e-05	2.1548386355095002e-05	1.5785686831044227e-12	3.6317331881969653e-13
0.05	4.2192752048197946e-05	4.2192753988339935e-05	1.940141989664572e-12	3.4588892803185296e-13
0.060000000000000005	7.309309071912296e-05	7.30930930072954e-05	2.2881724455730418e-12	3.2843081552991206e-13
0.07	0.00011636250843327645	0.00011636251105465634	2.621379892667197e-12	3.1079723574837606e-13
0.08	0.00017413534991739255	0.00017413535285799186	2.9405993156976507e-12	2.9298643950774007e-13
0.09	0.0002485674104208968	0.0002485674136659966	3.2450997726647668e-12	2.7499669208452813e-13
0.09999999999999999	0.0003418361512954604	0.0003418361548298119	3.5343514681769606e-12	2.5682604191482975e-13
0.10999999999999999	0.0004561409177425979	0.0004561409215509757	3.808377766791049e-12	2.384728988354586e-13
0.11999999999999998	0.0005937031587515129	0.0005937031628177752	4.066262300830847e-12	2.199351811782435e-13
0.12999999999999998	0.0007567666492436231	0.0007567666535519973	4.308374186925978e-12	2.0121126986794024e-13
0.13999999999999999	0.0009475977144548509	0.0009475977189882899	4.5334390538429026e-12	1.8229908323637762e-13
0.15	0.0011684854565663372	0.0011684854613085744	4.742237201885158e-12	1.6319677091184795e-13
0.16	0.0014217419836204392	0.0014217419885541715	4.933732242196065e-12	1.4390294511557044e-13
0.17	0.0017097026407308924	0.0017097026458385315	5.107639138024478e-12	1.244143676970566e-13
0.18000000000000002	0.002034726243620444	0.0020347262488836925	5.2632486043091564e-12	1.047305760633795e-13
0.19000000000000003	0.0023991953145028333	0.0023991953199038176	5.400984347259108e-12	8.484879465697759e-14
0.20000000000000004	0.0028055163203397626	0.0028055163258594025	5.5196398666967905e-12	6.476717310614314e-14
0.21000000000000005	0.0032561199134866214	0.003256119919105976	5.619354374181151e-12	4.448386103916846e-14
0.22000000000000006	0.0037534611747620517	0.0037534611804613607	5.699309080231529e-12	2.3996082898491976e-14
0.23000000000000007	0.004300019858955562	0.004300019864715803	5.760241242325215e-12	3.3029134982598407e-15
0.24000000000000007	0.004898300642809161	0.004898300648609516	5.8003549879837024e-12	1.759703494030873e-14
0.25000000000000006	0.005550833375483233	0.0055508333813024426	5.819209697444094e-12	3.870792575355608e-14
0.26000000000000006	0.006260173331543495	0.006260173337361277	5.8177820200233654e-12	6.003160931318993e-14
0.2700000000000001	0.007028901466494819	0.007028901472289053	5.794234016198718e-12	8.156993599091796e-14
0.2800000000000001	0.007859624674873888	0.007859624680622845	5.748956866113986e-12	1.033247561584479e-13
0.2900000000000001	0.008754976050944219	0.008754976056625396	5.68117775046062e-12	1.2529606981577974e-13
0.3000000000000001	0.009717615152005976	0.009717615157596731	5.590755289275329e-12	1.4749127844974434e-13
0.3100000000000001	0.010750228264355677	0.010750228269832112	5.476435277484981e-12	1.6990668131692623e-13
0.3200000000000001	0.011855528671913973	0.011855528677252898	5.338925482267776e-12	1.925496799041563e-13
0.3300000000000001	0.013036256927560608	0.013036256932737206	5.176598733003246e-12	2.1542027421143453e-13
0.34000000000000014	0.01429518112718764	0.014295181132177478	4.989838403579583e-12	2.385184642387609e-13
0.35000000000000014	0.015635097186514457	0.01563509719129238	4.777921114307304e-12	2.6184610035784317e-13
0.36000000000000015	0.01705882912068102	0.01705882912522069	4.5396707226696975e-12	2.8541613517063526e-13
0.37000000000000016	0.01856922932664906	0.01856922933092519	4.276128062752349e-12	3.092193168185986e-13
0.38000000000000017	0.020169178868449045	0.020169178872434725	3.9856798417226e-12	3.3325934604514863e-13
0.3900000000000002	0.02186158776528524	0.021861587768952997	3.667757070280331e-12	3.5754362433711625e-13
0.4000000000000002	0.02364939528254073	0.02364939528586293	3.322200153865751e-12	3.820721516945014e-13
0.4100000000000002	0.025535570225707183	0.02553557022865565	2.9484678587543556e-12	4.0684862886071944e-13
0.4200000000000002	0.027523111237267806	0.027523111239813502	2.5456962926551086e-12	4.3186935509235507e-13
0.4300000000000002	0.02961504709656282	0.029615047098676798	2.1139791306357125e-12	4.571454326196545e-13
0.4400000000000002	0.03181443702267206	0.03181443702432429	1.652226966353254e-12	4.826731606992022e-13
0.45000000000000023	0.03412437098033738	0.0341243709814976	1.1602177552028081e-12	5.084599408178292e-13
0.46000000000000024	0.036547969988963924	0.036547969989600304	6.363798377151397e-13	5.344983714887045e-13
0.47000000000000025	0.03908838643472068	0.03908838643480244	8.176098686973887e-14	5.608106571723207e-13
0.48000000000000026	0.041748804385786986	0.04174880438528177	5.052139262495814e-13	5.873819948950162e-13
0.49000000000000027	0.04453243991075784	0.04453243990963326	1.1245795961123406e-12	6.142123846567907e-13
0.5000000000000002	0.04744254140025639	0.047442541398478574	1.777814007120071e-12	6.41331432404968e-13
0.5100000000000002	0.05048238989177278	0.050482389889307915	2.464868587015445e-12	6.687021307053934e-13
0.5200000000000002	0.05365529939777325	0.053655299394586436	3.186811925459665e-12	6.963614869922215e-13
0.5300000000000002	0.05696461723710122	0.05696461723315831	3.94291543859282e-12	7.242946982917905e-13
0.5400000000000003	0.06041372436971715	0.060413724364981346	4.735802028310587e-12	7.525091660909311e-13
0.5500000000000003	0.06400603573479069	0.06400603572922586	5.564826377479903e-12	7.809900874159817e-13
0.5600000000000003	0.06774500059220223	0.06774500058577139	6.430841970050949e-12	8.097818711879275e-13
0.5700000000000003	0.07163410286747052	0.07163410286013558	7.334938212366637e-12	8.38854911459445e-13
0.5800000000000003	0.07567686150014685	0.07567686149186963	8.277226126729431e-12	8.682388141778574e-13
0.5900000000000003	0.0798768307957145	0.07987683078645519	9.259315536525037e-12	8.978891704221799e-13
0.6000000000000003	0.08423760078101816	0.08423760077073787	1.0280290507758139e-11	9.27835586139736e-13
0.6100000000000003	0.08876279756327499	0.08876279755193292	1.1342066175146215e-11	9.581076672778484e-13
0.6200000000000003	0.09345608369268454	0.09345608368023894	1.2445600106048005e-11	9.886610049155326e-13
0.6300000000000003	0.0983211585286865	0.098321158515096	1.359050372240489e-11	1.019525205000112e-12
0.6400000000000003	0.10336175860990249	0.10336175859512461	1.4777873369453687e-11	1.0507150705052481e-12
0.6500000000000004	0.1085816580277923	0.10858165801178278	1.6009513159609412e-11	1.082230601430941e-12
0.6600000000000004	0.1139846688040631	0.11398466878677822	1.728488185914756e-11	1.1140273888562054e-12
0.6700000000000004	0.11957464127187922	0.11957464125327376	1.860546439136357e-11	1.1461498417020266e-12
0.6800000000000004	0.1253554644608954	0.1253554644409238	1.997160770095263e-11	1.1786127629420662e-12
0.6900000000000004	0.13133106648616488	0.1313310664647806	2.1384283233061296e-11	1.2114161525763242e-12
0.7000000000000004	0.13750541494095359	0.137505414918109	2.284458733292638e-11	1.2445156016838155e-12
0.7100000000000004	0.14388251729350143	0.14388251726914908	2.435235346709419e-11	1.2779407162118635e-12
0.7200000000000004	0.15046642128777554	0.1504664212618663	2.5909246970101663e-11	1.3116914961604682e-12
0.7300000000000004	0.157261215348246	0.1572612153207293	2.751671113188081e-11	1.3458271534242764e-12
0.7400000000000004	0.16427102898872992	0.16427102895955567	2.9174246352070554e-11	1.3802884761086412e-12
0.7500000000000004	0.17150003322534957	0.17150003319446697	3.0882602031212514e-11	1.4150754642135629e-12
0.7600000000000005	0.17895244099363783	0.17895244096099358	3.264424841553648e-11	1.4502473296336877e-12
0.7700000000000005	0.18663250756983052	0.18663250753537192	3.445860263795453e-11	1.4857448604743694e-12
0.7800000000000005	0.194544530996402	0.19454453096007554	3.6326469610159506e-11	1.5216272686302546e-12
0.7900000000000005	0.20269285251187386	0.20269285247362304	3.825081917874229e-11	1.5578353422066963e-12
0.8000000000000005	0.21108185698493553	0.21108185694470538	4.0230152542619635e-11	1.5944578990456649e-12
0.8100000000000005	0.21971597335294346	0.2197159733106766	4.2266856681294485e-11	1.63140612130519e-12
0.8200000000000005	0.22859967506481205	0.22859967502045112	4.436093159476684e-11	1.6687688268272419e-12
0.8300000000000005	0.23773748052836607	0.23773748048185236	4.651370955066625e-11	1.7064275918225273e-12
0.8400000000000005	0.2471339535621837	0.24713395351345735	4.872635628316857e-11	1.7445304460276627e-12
0.8500000000000005	0.2567937038519821	0.2567937038009823	5.0999759970693503e-11	1.7830477834953247e-12
0.8600000000000005	0.26672138741159035	0.26672138735825524	5.333511410299252e-11	1.8218315744888967e-12
0.8700000000000006	0.2769217070485537	0.27692170699282087	5.573280725812424e-11	1.8610890606396425e-12
0.8800000000000006	0.28739941283442016	0.2873994127762256	5.819456028177683e-11	1.900701818158268e-12
0.8900000000000006	0.2981593025797502	0.29815930251902856	6.072164993042861e-11	1.9407290589394203e-12
0.9000000000000006	0.30920622231390027	0.3092062222505866	6.331368762602096e-11	1.9811707829830993e-12
0.9100000000000006	0.32054506676963435	0.3205450667036613	6.597306034805683e-11	2.0220862021839516e-12
0.9200000000000006	0.3321807798725964	0.3321807798038963	6.87001011634436e-11	2.0632976808580375e-12
0.9300000000000006	0.3441183552357101	0.34411835516421413	7.149597580635714e-11	2.104982854689297e-12
0.9400000000000006	0.3563628366585436	0.35636283658418133	7.436229410018314e-11	2.147082511783083e-12
0.9500000000000006	0.368919318631693	0.36891931855439297	7.730005524564376e-11	2.189596652139395e-12
0.9600000000000006	0.381792946846236	0.3817929467659258	8.031020293230995e-11	2.2325252757582347e-12
0.9700000000000006	0.394988918708306	0.39498891862491153	8.339445800586986e-11	2.2759275945342476e-12
0.9800000000000006	0.40851248385883476	0.40851248377228205	8.655270944402105e-11	2.3196851846781402e-12
0.9900000000000007	0.42236894469852615	0.42236894460873764	8.97885099604423e-11	2.3639756818738532e-12
1.0000000000000007	0.43656365691809107	0.43656365682499165	9.309941706447944e-11	2.4086214504374464e-12
1.0100000000000007	0.45110203003383464	0.45110202993734383	9.64908153378019e-11	2.4537409141582125e-12
1.0200000000000007	0.46598952792859727	0.4659895278286367	9.996059535666291e-11	2.4993340730361524e-12
1.0300000000000007	0.48123166939815887	0.4812316692946481	1.0351075552250677e-10	2.5454601389659123e-12
1.0400000000000007	0.49683402870312054	0.49683402859597575	1.0714479303786106e-10	2.591941476263552e-12
1.0500000000000007	0.512802236126328	0.5128022360154676	1.108604319455253e-10	2.638955720613012e-12
1.0600000000000007	0.5291419785359177	0.529141978421255	1.1466272376026154e-10	2.6864436601196453e-12
1.0700000000000007	0.5458589999539942	0.5458589998354442	1.1855005865868407e-10	2.734405294783452e-12
1.0800000000000007	0.5629591021310487	0.5629591020085233	1.2252543424295936e-10	2.782722200815139e-12
1.0900000000000007	0.5804481451261316	0.5804481449995422	1.2658940562459975e-10	2.8317496495825857e-12
1.1000000000000008	0.5983320478928671	0.5983320477621236	1.307435271158397e-10	2.8810139459286194e-12
1.1100000000000008	0.6166167888713527	0.6166167887363626	1.3499013018503092e-10	2.93087036122112e-12
1.1200000000000008	0.635308406586006	0.6353084064466765	1.3932943687677835e-10	2.981318895460087e-12
1.1300000000000008	0.6544130002494248	0.6544130001056618	1.4376300150331645e-10	3.0322411248562275e-12
1.1400000000000008	0.6739367303723132	0.6739367302240209	1.4829226735457723e-10	3.0836370494095416e-12
1.1500000000000008	0.6938858193795374	0.6938858192266176	1.5291978794351735e-10	3.135625092909322e-12
1.1600000000000008	0.7142665522323708	0.7142665520747258	1.5764500815862448e-10	3.187968407776983e-12
1.1700000000000008	0.735085277057002	0.7350852768945298	1.624721468473922e-10	3.2409038415911104e-12
1.1800000000000008	0.7563484057793435	0.7563484056119433	1.6740020480909834e-10	3.2944313943517044e-12
1.1900000000000008	0.7780624147662385	0.7780624145938061	1.7243240169051433e-10	3.348432642269472e-12
1.2000000000000008	0.8002338454730973	0.8002338452955273	1.7756995873696724e-10	3.4030260091337065e-12
1.2100000000000009	0.8228693050980498	0.8228693049152357	1.8281409719378416e-10	3.4583299187337008e-12
1.2200000000000009	0.8459754672426709	0.8459754670545052	1.881657052393848e-10	3.513870675912282e-12
1.2300000000000009	0.8695590725793494	0.8695590723857206	1.9362877967665781e-10	3.5702403996159165e-12
1.2400000000000009	0.8936269295253538	0.8936269293261505	1.992033205056032e-10	3.6269653946874313e-12
1.2500000000000009	0.9181859149236855	0.9181859147187944	2.0489110408306033e-10	3.684400932494706e-12
1.260000000000001	0.9432429747307669	0.9432429745200732	2.106936847212637e-10	3.742310165459154e-12
1.270000000000001	0.968805124711043	0.9688051244944303	2.166126167324478e-10	3.800929941159362e-12
1.280000000000001	0.9948794511385657	0.9948794509159139	2.226517858971988e-10	3.860023412016744e-12
1.290000000000001	1.021473111505621	1.0214731112768105	2.2881052608170194e-10	3.919590578031299e-12
1.300000000000001	1.0485933352384906	1.0485933350033998	2.350908356874015e-10	3.980223558149494e-12
1.310000000000001	1.0762474244203997	1.0762474241789037	2.41495934361069e-10	4.0410933858462766e-12
1.320000000000001	1.1044427545217284	1.1044427542737005	2.480278205041486e-10	4.102673756278818e-12
1.330000000000001	1.133186775137565	1.1331867748828781	2.546869382058503e-10	4.164727821868534e-12
1.340000000000001	1.1624870107326748	1.1624870104711997	2.6147506382301344e-10	4.22749243019401e-12
1.350000000000001	1.1923510613939516	1.1923510611255566	2.6839508393550204e-10	4.290967581255245e-12
1.360000000000001	1.222786603590432	1.2227866033149832	2.754487749001555e-10	4.35515327505224e-12
1.370000000000001	1.2538013909409491	1.2538013906583105	2.8263857920762803e-10	4.419575816427823e-12
1.380000000000001	1.2854032549894994	1.285403254699534	2.899653850363393e-10	4.484945748117753e-12
1.390000000000001	1.317600105988408	1.3176001056909747	2.9743318918917794e-10	4.551263070122028e-12
1.400000000000001	1.3503999336893528	1.3503999333843117	3.050411034877243e-10	4.617817239704891e-12
1.410000000000001	1.383810808142357	1.383810807829563	3.127940129132867e-10	4.685081952023514e-12
1.420000000000001	1.4178408805027898	1.4178408801820976	3.2069213951047004e-10	4.7530572070778965e-12
1.430000000000001	1.4524983838464962	1.452498383517758	3.287381478145335e-10	4.82174300486804e-12
1.440000000000001	1.48779163399311	1.4877916336561747	3.3693536849455086e-10	4.8913761929725295e-12
1.450000000000001	1.5237290303376394	1.5237290299923547	3.452846897289419e-10	4.961483076234193e-12
1.460000000000001	1.5603190566904157	1.5603190563366283	3.537874437853361e-10	5.032300502231616e-12
1.470000000000001	1.5975702821254858	1.597570281763037	3.624487376896468e-10	5.103591623386213e-12
1.480000000000001	1.6354913618375173	1.6354913614662485	3.712687934864789e-10	5.175830134855156e-12
1.490000000000001	1.674091038007334	1.6740910376270826	3.802513859341161e-10	5.24877918905986e-12
1.500000000000001	1.7133781406761344	1.7133781402867374	3.893969591217683e-10	5.322438786000323e-12
1.5100000000000011	1.7533615886285094	1.7533615882298001	3.987092878077192e-10	5.396808925676547e-12
1.5200000000000011	1.7940503902843226	1.7940503898761333	4.081892601703885e-10	5.472126455667118e-12
1.5300000000000011	1.835453644599566	1.8354536441817244	4.178415391464796e-10	5.547917680814862e-12
1.5400000000000011	1.877580541976256	1.8775805415485889	4.276670129144122e-10	5.624656296276953e-12
1.5500000000000012	1.920440365181487	1.9204403647438177	4.376692341878652e-10	5.702105454474804e-12
1.5600000000000012	1.9640424902757125	1.9640424898278623	4.478502013682828e-10	5.7805020029870015e-12
1.5700000000000012	2.008396387550361	2.0083963870921484	4.5821257899092416e-10	5.859609094234959e-12
1.5800000000000012	2.053511622474872	2.0535116220061127	4.687592536356533e-10	5.939189880640091e-12
1.5900000000000012	2.0993978566532503	2.099397856173758	4.794924457485195e-10	6.019718057359568e-12
1.6000000000000012	2.1460648487902354	2.146064848299821	4.904143757755719e-10	6.101193624393393e-12
1.6100000000000012	2.193522455667182	2.1935224551656525	5.015294846089091e-10	6.183616581741565e-12
1.6200000000000012	2.241780633127739	2.2417806326149026	5.128364399809016e-10	6.26651323424691e-12
1.6300000000000012	2.290849437073457	2.290849436549113	5.243441236757462e-10	6.350830972223775e-12
1.6400000000000012	2.340739024469368	2.340739023933317	5.360512034258136e-10	6.4351487102006404e-12
1.6500000000000012	2.3914596543597035	2.391459653811742	5.479616760339923e-10	6.520887533649026e-12
1.6600000000000013	2.443021688893804	2.4430216883337255	5.600786501247512e-10	6.607100052254585e-12
1.6700000000000013	2.495435594362341	2.4954355937899364	5.724047902333496e-10	6.6947336563316635e-12
1.6800000000000013	2.5487119422439566	2.5487119416590143	5.849423168058365e-10	6.7828409555659165e-12
1.6900000000000013	2.6028614102624186	2.6028614096647242	5.976943384666811e-10	6.8723693402716885e-12
1.7000000000000013	2.657894783454407	2.6578947828437403	6.106666283756113e-10	6.961897724977461e-12
1.7100000000000013	2.7138229552480153	2.7138229546241566	6.238587424434172e-10	7.052847195154755e-12
1.7200000000000013	2.770656928552114	2.77065692791484	6.372742333837778e-10	7.144744055646394e-12
1.7300000000000013	2.82840781685665	2.828407816205729	6.509210948024702e-10	7.237114611295207e-12
1.7400000000000013	2.8870868453439904	2.887086844679194	6.647962180750255e-10	7.331379947572713e-12
1.7500000000000013	2.9467053520114685	2.9467053513325636	6.78904932271962e-10	7.426118979007393e-12
1.7600000000000013	3.0072747888051863	3.0072747881119333	6.932530105530077e-10	7.52180540075642e-12
1.7700000000000014	3.06880672276521	3.0688067220573707	7.07839120650533e-10	7.61796551766262e-12
1.7800000000000014	3.1313128371823	3.131312836459629	7.226708120811054e-10	7.71554672004034e-12
1.7900000000000014	3.1948049327662353	3.1948049320284846	7.37750749379984e-10	7.813601617575236e-12
1.8000000000000014	3.259294928825901	3.25929492807282	7.53081152993218e-10	7.91307760058165e-12
1.8100000000000014	3.3247948644612286	3.324794863692563	7.686655756344862e-10	8.01350097390241e-12
1.8200000000000014	3.3913168997671157	3.391316898982607	7.845089022850971e-10	8.11534543269469e-12
1.8300000000000014	3.458873317049445	3.4588733162488308	8.006142415695194e-10	8.217663586644145e-12
1.8400000000000014	3.527476522053324	3.52747652123634	8.169842580230124e-10	8.321402826065119e-12
1.8500000000000014	3.597139045203674	3.5971390443700506	8.336233925376746e-10	8.425615760643268e-12
1.8600000000000014	3.6678735428582794	3.6678735420077433	8.505360860056044e-10	8.531249780692937e-12
1.8700000000000014	3.739692798573432	3.739692797705709	8.677232266052215e-10	8.638304886214125e-12
1.8800000000000014	3.812609724382307	3.8126097234971144	8.851928079423033e-10	8.74630738204966e-12
1.8900000000000015	3.886637362086166	3.8866373611832183	9.029474945521088e-10	8.854783573042369e-12
1.9000000000000015	3.9617888845585494	3.9617888836375603	9.209890627914774e-10	8.964680849506598e-12
1.9100000000000015	4.0380775970625855	4.0380775961232604	9.393250621769766e-10	9.075999211442346e-12
1.9200000000000015	4.115516938581512	4.115516937623556	9.579554927086065e-10	9.187791268535268e-12
1.9300000000000015	4.194120483162598	4.194120482185711	9.768870157245146e-10	9.301478106256884e-12
1.9400000000000015	4.273901941274557	4.273901940278432	9.961249602952194e-10	9.4151649439785e-12
1.9500000000000015	4.354875161178599	4.35487516016293	1.0156693264207206e-09	9.531693952643158e-12
1.9600000000000015	4.437054130313278	4.43705412927775	1.0355281077067957e-09	9.648222961307813e-12
1.9700000000000015	4.520452976693239	4.520452975637536	1.055703080510284e-09	9.765699360286818e-12
1.9800000000000015	4.605085970322039	4.605085969245836	1.076202238436963e-09	9.884123149580167e-12
1.9900000000000015	4.690967524619146	4.690967523522121	1.0970246933084127e-09	1.000444171950221e-11
2.0000000000000013	4.778112197861313	4.778112196743134	1.1181793269088303e-09	1.0126655070052948e-11
2.010000000000001	4.8665346946384	4.866534693498732	1.139667915595055e-09	1.0249815810918032e-11
2.020000000000001	4.956249867323853	4.9562498661623575	1.1614957884376054e-09	1.0372976551783115e-11
2.0300000000000007	5.047272717559954	5.047272716376288	1.1836664981501599e-09	1.0498032073276894e-11
2.0400000000000005	5.139618397758001	5.1396183965518105	1.206190702873755e-09	1.0624982375399364e-11
2.0500000000000003	5.2333022126135464	5.23330221138448	1.2290666262515515e-09	1.0752880067836182e-11
2.06	5.328339620636898	5.328339619384597	1.2523013737109068e-09	1.0881725150587348e-11
2.07	5.424746235698974	5.424746234423074	1.275900274322339e-09	1.101151762365286e-11
2.0799999999999996	5.522537828592702	5.522537827292834	1.299867768977947e-09	1.1143204877347064e-11
2.0899999999999994	5.621730328610115	5.621730327285905	1.3242091867482486e-09	1.1276786911669963e-11
2.099999999999999	5.72233982513529	5.7223398237863625	1.348927192168503e-09	1.1410368945992861e-11
2.109999999999999	5.824382569253313	5.824382567879278	1.374035107915006e-09	1.1546793151258801e-11
2.1199999999999988	5.927874975375373	5.927874973975843	1.3995293812740783e-09	1.168321735652474e-11
2.1299999999999986	6.0328336228802435	6.032833621454827	1.4254162294946582e-09	1.1821536342419374e-11
2.1399999999999983	6.13927525777223	6.139275256320524	1.4517054225393622e-09	1.1960802718628353e-11
2.149999999999998	6.247216794355769	6.24721679287737	1.4783987367650298e-09	1.2101963875466027e-11
2.159999999999998	6.356675316926886	6.356675315421385	1.5055006130637594e-09	1.2245019812932393e-11
2.1699999999999977	6.467668081481644	6.467668079948621	1.5330234859334269e-09	1.2389023140713106e-11
2.1799999999999975	6.580212517441737	6.580212515880771	1.5609655790171928e-09	1.2533973858808167e-11
2.1899999999999973	6.694326229397465	6.694326227808131	1.5893339977424148e-09	1.2681766747846268e-11
2.199999999999997	6.8100269988682065	6.810026997250068	1.6181385120717096e-09	1.2829559636884368e-11
2.209999999999997	6.927332786080573	6.927332784433192	1.6473808983619165e-09	1.298019469686551e-11
2.2199999999999966	7.046261731764462	7.04626173008739	1.677071814754072e-09	1.3130829756846651e-11
2.2299999999999964	7.166832158967127	7.166832157259916	1.707211261248176e-09	1.3283359597456486e-11
2.239999999999996	7.289062574885518	7.289062573147709	1.7378090078068453e-09	1.3438731609009361e-11
2.249999999999996	7.412971672716999	7.4129716709481315	1.768867718965339e-09	1.3595051010876583e-11
2.259999999999996	7.538578333528701	7.538578331728302	1.8003989410431132e-09	1.3752317803058153e-11
2.2699999999999956	7.665901628145624	7.665901626313217	1.8324071149322663e-09	1.3911479375868414e-11
2.2799999999999954	7.794960819057749	7.7949608171928535	1.864895793346477e-09	1.4071588338993023e-11
2.289999999999995	7.9257753623463	7.925775360448428	1.8978720817131034e-09	1.4233592082746327e-11
2.299999999999995	8.058364909629374	8.058364907698026	1.931347526351601e-09	1.439843799744267e-11
2.3099999999999947	8.192749310027104	8.192749308061778	1.965325679975649e-09	1.4565178692767708e-11
2.3199999999999945	8.328948612146595	8.328948610146787	1.9998083189420868e-09	1.4731919388092745e-11
2.3299999999999943	8.466983066086815	8.466983064052009	2.0348061013919505e-09	1.4900554864046474e-11
2.339999999999994	8.606873125463608	8.606873123393276	2.070331461823116e-09	1.5071085120628898e-11
2.349999999999994	8.74863944945506	8.74863944734868	2.106380847521905e-09	1.5241615377211322e-11
2.3599999999999937	8.89230290486747	8.8923029027245	2.142970245699871e-09	1.5415935195051133e-11
2.3699999999999934	9.037884568222008	9.037884566041908	2.180099656357015e-09	1.559404457414833e-11
2.3799999999999932	9.185405727862419	9.185405725644634	2.2177850667048915e-09	1.577215395324553e-11
2.389999999999993	9.334887886083843	9.334887883827818	2.2560247003866607e-09	1.5952158112971422e-11
2.399999999999993	9.486352761283095	9.486352758988263	2.294832768257038e-09	1.6132162272697315e-11
2.4099999999999926	9.639822290130493	9.639822287796285	2.334207493959184e-09	1.63140612130519e-11
2.4199999999999924	9.795318629763575	9.795318627389403	2.3741719701320108e-09	1.6499749714663872e-11
2.429999999999992	9.952864160002786	9.95286415758807	2.414715538634482e-09	1.6685438216275844e-11
2.439999999999992	10.112481485589537	10.112481483133674	2.4558630684623495e-09	1.6874916279145206e-11
2.4499999999999917	10.274193438446645	10.274193435949032	2.4976127832587736e-09	1.7064394342014565e-11
2.4599999999999915	10.438023079961571	10.438023077421597	2.5399735648079513e-09	1.7257661966141315e-11
2.4699999999999913	10.603993703292577	10.603993700709623	2.58295429489408e-09	1.7452824370896752e-11
2.479999999999991	10.772128835698055	10.772128833071493	2.6265620789445165e-09	1.7647986775652194e-11
2.489999999999991	10.942452240889281	10.94245223821847	2.6708111278139768e-09	1.784693874166502e-11
2.4999999999999907	11.114987921406785	11.114987918691085	2.715699665145621e-09	1.8047785488306545e-11
2.5099999999999905	11.289760121020656	11.289760118259412	2.761243678151004e-09	1.8248632234948065e-11
2.5199999999999902	11.466793327154914	11.466793324347464	2.8074502722574834e-09	1.8453268542846975e-11
2.52999999999999	11.646112273336284	11.646112270481956	2.854328329249256e-09	1.8661694412003272e-11
2.53999999999999	11.827741941667567	11.827741938765682	2.9018849545536796e-09	1.8870120281159566e-11
2.5499999999999896	12.011707565325873	12.011707562375742	2.9501308063117904e-09	1.9080440930944558e-11
2.5599999999999894	12.198034631085953	12.198034628086882	2.9990712135941067e-09	1.9290761580729547e-11
2.569999999999989	12.386748881868911	12.38674887882019	3.0487203872553437e-09	1.9506766572400618e-11
2.579999999999989	12.577876319316506	12.577876316217417	3.0990889854365378e-09	1.9722771564071686e-11
2.5899999999999888	12.771443206391329	12.771443203241152	3.150177008137689e-09	1.994446089762884e-11
2.5999999999999885	12.967476070003157	12.96747606680115	3.20200577164087e-09	2.016615023118599e-11
2.6099999999999883	13.166001703661621	13.166001700407044	3.2545770523029205e-09	2.0387839564743142e-11
2.619999999999988	13.367047170155608	13.36704716684771	3.307897955551198e-09	2.061331845955768e-11
2.629999999999988	13.570639804259564	13.570639800897576	3.3619880213109354e-09	2.0842586915629607e-11
2.6399999999999877	13.776807215466972	13.776807212050121	3.416850802295812e-09	2.107185537170153e-11
2.6499999999999875	13.98557729075134	13.985577287278845	3.472495180290025e-09	2.1306808169659536e-11
2.6599999999999873	14.196978197354934	14.196978193825993	3.5289406952188074e-09	2.153986618698885e-11
2.669999999999987	14.411038385605483	14.4110383820193	3.5861837943684804e-09	2.1778608546204244e-11
2.679999999999987	14.627786591761293	14.627786588117047	3.644245794021117e-09	2.2017350905419637e-11
2.6899999999999866	14.847251840884844	14.847251837181716	3.7031284705335565e-09	2.2257988045263725e-11
2.6999999999999864	15.069463449745367	15.06946344598251	3.7628566929015506e-09	2.2504309526993892e-11
2.709999999999986	15.29445102975049	15.294451025927067	3.8234233556977415e-09	2.2752525789352754e-11
2.719999999999986	15.522244489907468	15.522244486022617	3.8848515515610416e-09	2.3000742051711616e-11
2.7299999999999858	15.75287403981406	15.75287403586691	3.947150162275648e-09	2.3252747875327865e-11
2.7399999999999856	15.98637019267953	15.9863701886692	4.0103298459825965e-09	2.3506648479572806e-11
2.7499999999999853	16.222763768375994	16.222763764301593	4.074401260822924e-09	2.3764338645075137e-11
2.759999999999985	16.462085896520435	16.46208589238106	4.139373288580828e-09	2.4025818371834855e-11
2.769999999999985	16.70436801958769	16.704368015382425	4.2052654691815405e-09	2.4283508537337183e-11
2.7799999999999847	16.94964189605471	16.949641891782633	4.272077802625063e-09	2.4552567386611675e-11
2.7899999999999845	17.19793960357647	17.19793959923663	4.339838710620825e-09	2.4821626235886168e-11
2.7999999999999843	17.449293542193704	17.449293537785156	4.408548193168826e-09	2.5090685085160656e-11
2.809999999999984	17.703736437572992	17.703736433094775	4.478216908410104e-09	2.5363533495692536e-11
2.819999999999984	17.961301344279327	17.961301339730465	4.548862619913052e-09	2.5636381906224415e-11
2.8299999999999836	18.2220216490816	18.222021644461105	4.620495985818707e-09	2.5916809439271068e-11
2.8399999999999834	18.48593107429132	18.48593106959818	4.6931383224091405e-09	2.619723697231772e-11
2.849999999999983	18.753063681134826	18.75306367636804	4.766786076970675e-09	2.6485243627879148e-11
2.859999999999983	19.02345387315952	19.02345386831805	4.841471223926419e-09	2.6773250283440575e-11
2.869999999999983	19.297136399674166	19.29713639475698	4.917186657849015e-09	2.7061256939002002e-11
2.8799999999999826	19.57414635922391	19.57414635422995	4.993960800447894e-09	2.7353053155820816e-11
2.8899999999999824	19.854519203100136	19.854519198028328	5.071807862577771e-09	2.7648638933897017e-11
2.899999999999982	20.138290738885612	20.138290733734888	5.150724291524966e-09	2.7944224711973218e-11
2.909999999999982	20.425497134035325	20.425497128804583	5.23074206171259e-09	2.8247389612564196e-11
2.9199999999999817	20.716174919493206	20.716174914181337	5.311868278567999e-09	2.855434407441256e-11
2.9299999999999815	21.010360993345287	21.010360987951167	5.3941207056595886e-09	2.886508809751831e-11
2.9399999999999813	21.30809262450952	21.308092619032013	5.477506448414715e-09	2.917583212062406e-11
2.949999999999981	21.60940745646272	21.609407450900676	5.562043270401773e-09	2.948657614372981e-11
2.959999999999981	21.91434351100493	21.91434350535718	5.647748935189156e-09	2.980110972809295e-11
2.9699999999999807	22.222939192061634	22.222939186326997	5.73463765363158e-09	3.012322243497086e-11
2.9799999999999804	22.53523328952419	22.535233283701462	5.822727189297439e-09	3.044912470310616e-11
2.9899999999999802	22.85126498312883	22.851264977216804	5.912024647614089e-09	3.077881653249885e-11
2.99999999999998	23.171073846374693	23.171073840372145	6.002547792149926e-09	3.110471880063415e-11
3.00999999999998	23.494699850481204	23.494699844386886	6.094317939187022e-09	3.1441989752541606e-11
3.0199999999999796	23.822183368385208	23.822183362197865	6.187342194152734e-09	3.177547114319168e-11
3.0299999999999794	24.153565178778322	24.153565172496673	6.281648978756493e-09	3.211274209509914e-11
3.039999999999979	24.48888647018481	24.48888646380757	6.3772382929982996e-09	3.2457592169521376e-11
3.049999999999979	24.828188845080508	24.828188838606366	6.474142111301262e-09	3.2806231805201e-11
3.0599999999999787	25.171514324053067	25.171514317480703	6.5723639863790595e-09	3.315487144088062e-11
3.0699999999999785	25.518905350004083	25.51890534333215	6.671932339941122e-09	3.351487976033241e-11
3.0799999999999783	25.870404792393387	25.87040478562053	6.772857830128487e-09	3.38710985185268e-11
3.089999999999978	26.226055951526057	26.2260559446509	6.875158220509547e-09	3.423110683797859e-11
3.099999999999978	26.585902562882467	26.585902555903612	6.978854827366376e-09	3.459490471868776e-11
3.1099999999999777	26.949988801491866	26.94998879440791	7.083954756126332e-09	3.49662817219117e-11
3.1199999999999775	27.318359286349956	27.318359279159463	7.190493533926201e-09	3.533765872513565e-11
3.1299999999999772	27.691059084880767	27.691059077582292	7.2984747134796635e-09	3.571661485087437e-11
3.139999999999977	28.068133717443494	28.06813371003557	7.4079231637824705e-09	3.60917814153557e-11
3.149999999999977	28.449629161884534	28.449629154365685	7.518849542975659e-09	3.647452710235181e-11
3.1599999999999766	28.835591858135338	28.835591850504056	7.631282272768658e-09	3.686485191186269e-11
3.1699999999999764	29.226068712856414	29.226068705111174	7.745239116729863e-09	3.725517672137357e-11
3.179999999999976	29.621107104128043	29.621107096267313	7.86073073300031e-09	3.765308065339923e-11
3.189999999999976	30.020754886188143	30.020754878210358	7.977785543289428e-09	3.8050984585424884e-11
3.1999999999999758	30.42506039421771	30.425060386121288	8.096421311165614e-09	3.845267807870793e-11
3.2099999999999755	30.834072449174386	30.83407244095773	8.216655800197259e-09	3.885816113324836e-11
3.2199999999999753	31.247840362674587	31.24784035433608	8.338506773952759e-09	3.927501287156095e-11
3.229999999999975	31.666413941924745	31.66641393346273	8.462013312282579e-09	3.969186460987354e-11
3.239999999999975	32.08984349470198	32.089843486114816	8.587164757045684e-09	4.0108716348186137e-11
3.2499999999999747	32.51817983438504	32.518179825671034	8.71400374080622e-09	4.05331472090135e-11
3.2599999999999745	32.951474285035566	32.95147427619303	8.842533816277864e-09	4.0957578069840867e-11
3.2699999999999743	33.38977868653065	33.38977867755785	8.972797616024764e-09	4.138958805318301e-11
3.279999999999974	33.83314539974676	33.83314539064195	9.104809350901633e-09	4.182159803652515e-11
3.289999999999974	34.281627311795944	34.28162730255736	9.238583231763187e-09	4.2276345387411615e-11
3.2999999999999736	34.73527784131457	34.735277831940415	9.374154785746214e-09	4.2723513615783305e-11
3.3099999999999734	35.194150943805205	35.19415093429367	9.511538223705429e-09	4.316310272164022e-11
3.319999999999973	35.65830111703225	35.65830110738149	9.650761967350263e-09	4.362542919504146e-11
3.329999999999973	36.127783406471735	36.1277833966799	9.791833122108073e-09	4.4080176545927924e-11
3.3399999999999728	36.602653410815925	36.60265340088113	9.934794320543006e-09	4.4550082141843936e-11
3.3499999999999726	37.082967287533236	37.08296727745358	1.0079659773509775e-08	4.5012408615245174e-11
3.3599999999999723	37.56878175848401	37.56878174825756	1.0226450797290454e-08	4.548989333367596e-11
3.369999999999972	38.06015411559277	38.06015410521758	1.0375195813594473e-08	4.5967378052106746e-11
3.379999999999972	38.55714222657747	38.55714221605155	1.0525916138703906e-08	4.645244189305231e-11
3.3899999999999717	39.05980454073627	39.05980453005763	1.0678640194328182e-08	4.693750573399787e-11
3.3999999999999715	39.568200094792566	39.56820008395918	1.0833389296749374e-08	4.7430148697458206e-11
3.4099999999999713	40.08238851879867	40.08238850780848	1.0990191867676913e-08	4.792279166091854e-11
3.419999999999971	40.60243004209891	40.602430030949826	1.1149083434247586e-08	4.843059286940843e-11
3.429999999999971	41.12838549935254	41.12838548804247	1.1310071101888752e-08	4.893839407789831e-11
3.4399999999999706	41.660316336617356	41.66031632514416	1.1473197503164556e-08	4.94461952863882e-11
3.4499999999999704	42.19828461749427	42.19828460585579	1.1638476848929713e-08	4.996915473990763e-11
3.45999999999997	42.742353029333756	42.74235301752782	1.1805937560893653e-08	5.048453507091229e-11
3.46999999999997	43.29258488950464	43.29258487752904	1.197560095533845e-08	5.10150736469465e-11
3.47999999999997	43.8490441517259	43.84904413957838	1.2147516770255606e-08	5.155319134549548e-11
3.4899999999999696	44.411795412462055	44.41179540014035	1.2321706321927195e-08	5.209888816655924e-11
3.4999999999999694	44.98090391738288	44.9809039048847	1.2498183821207931e-08	5.263700586510822e-11
3.509999999999969	45.55643556788803	45.55643555521107	1.267696347895253e-08	5.318270268617198e-11
3.519999999999969	46.13845692769729	46.13845691483917	1.2858123454861925e-08	5.3743557752265286e-11
3.5299999999999687	46.72703522950688	46.727035216465225	1.3041656643508759e-08	5.430441281835859e-11
3.5399999999999685	47.32223838171289	47.322238368485294	1.322759857202982e-08	5.486526788445189e-11
3.5499999999999683	47.92413497520212	47.924134961786145	1.3415977662134537e-08	5.544128119557475e-11
3.559999999999968	48.53279429021127	48.532794276604434	1.3606836546387058e-08	5.601729450669761e-11
3.569999999999968	49.14828630325496	49.14828628945477	1.3800196541069454e-08	5.660846606285001e-11
3.5799999999999677	49.770681694123496	49.77068168012741	1.3996086067891156e-08	5.719205849648764e-11
3.5899999999999674	50.40005185295087	50.40005183875633	1.4194533548561594e-08	5.779080917515481e-11
3.5999999999999672	51.03646888735388	51.03646887295829	1.4395588721072272e-08	5.8389559853822e-11
3.609999999999967	51.68000562964288	51.680005615043605	1.4599272901705262e-08	5.899588965500394e-11
3.619999999999967	52.33073564410513	52.33073562929952	1.4805614512169996e-08	5.961737770121544e-11
3.6299999999999666	52.98873323436128	52.988733219346635	1.5014641974175902e-08	6.023128662491217e-11
3.6399999999999664	53.65407345079578	53.654073435569366	1.5226412131141842e-08	6.086035379363845e-11
3.649999999999966	54.326832098061956	54.326832082621024	1.5440932088495174e-08	6.148942096236472e-11
3.659999999999966	55.007085742662596	55.00708572700435	1.5658244478800043e-08	6.212606725360578e-11
3.6699999999999657	55.694911720606626	55.694911704728234	1.5878391934620595e-08	6.277787178987638e-11
3.6799999999999655	56.39038814514278	56.39038812904137	1.6101409983093617e-08	6.343725544866174e-11
3.6899999999999653	57.09359391457099	57.09359389824367	1.6327319940501184e-08	6.408148086241756e-11
3.699999999999965	57.80460872013228	57.80460870357612	1.655615733398008e-08	6.474844364371771e-11
3.709999999999965	58.52351305397799	58.523513037190014	1.6787979006949172e-08	6.542298554753264e-11
3.7199999999999647	59.25038821721901	59.2503882001962	1.7022813381117885e-08	6.610510657386234e-11
3.7299999999999645	59.98531632805596	59.98531631079528	1.7260681772768294e-08	6.678722760019203e-11
3.7399999999999642	60.728380329991126	60.72838031248949	1.75016339198919e-08	6.74769277490365e-11
3.749999999999964	61.47966400012285	61.47966398237713	1.774571956048021e-08	6.818178614291052e-11
3.759999999999964	62.239251957523294	62.239251939530334	1.7992960010815295e-08	6.888664453678453e-11
3.7699999999999636	63.007229671700415	63.00722965345704	1.8243376587179227e-08	6.959908205317334e-11
3.7799999999999634	63.78368347114508	63.78368345264803	1.84970545547003e-08	7.031151956956213e-11
3.789999999999963	64.56870055196383	64.56870053320984	1.8753993913378508e-08	7.104669445349524e-11
3.799999999999963	65.36236898659868	65.36236896758443	1.9014251506632718e-08	7.177429021491359e-11
3.8099999999999627	66.16477773263443	66.16477771335654	1.9277891283309145e-08	7.253220246639103e-11
3.8199999999999625	66.97601664169441	66.9760166221495	1.954491324340779e-08	7.327495647283891e-11
3.8299999999999623	67.79617646842584	67.79617644861047	1.9815374230347516e-08	7.403286872431636e-11
3.839999999999962	68.62534887957526	68.62534885948594	2.0089316876692465e-08	7.47907809757938e-11
3.849999999999962	69.46362646315535	69.46362644278855	2.03667980258615e-08	7.557900971733033e-11
3.8599999999999617	70.31110273770378	70.31110271705595	2.0647831888709334e-08	7.635208021383733e-11
3.8699999999999615	71.16787216163517	71.16787214070268	2.0932489519509545e-08	7.714030895537386e-11
3.8799999999999613	72.03403014268697	72.03403012146617	2.1220799339971563e-08	7.79285376969104e-11
3.889999999999961	72.90967304746033	72.90967302594753	2.1512803982659534e-08	7.873192468347648e-11
3.899999999999961	73.79489821105686	73.79489818924829	2.1808574501847033e-08	7.955046991507212e-11
3.9099999999999606	74.68980394681218	74.68980392470405	2.2108125108388776e-08	8.036901514666775e-11
3.9199999999999604	75.59448955612737	75.59448953371586	2.2411512645703624e-08	8.118756037826339e-11
3.92999999999996	76.50905533839921	76.50905531568041	2.2718793957210437e-08	8.202126385488858e-11
3.93999999999996	77.43360260105013	77.43360257802011	2.303001167547336e-08	8.288528382157285e-11
3.9499999999999598	78.36823366965909	78.3682336463139	2.3345194222201826e-08	8.371898729819804e-11
3.9599999999999596	79.31305189819426	79.31305187452985	2.366441265166941e-08	8.459816550991187e-11
3.9699999999999593	80.26816167934842	80.2681616553607	2.398772380729497e-08	8.54773437216257e-11
3.979999999999959	81.23366845497836	81.2336684306632	2.431515611078794e-08	8.634136368830999e-11
3.989999999999959	82.20967872664914	82.20967870200238	2.4646766405567178e-08	8.723570014505337e-11
3.9999999999999587	83.19630006628438	83.19630004130177	2.4982611535051547e-08	8.813003660179675e-11
4.009999999999959	84.19364112692351	84.19364110160073	2.5322776764369337e-08	8.902437305854012e-11
4.019999999999959	85.20181165358704	85.20181162791981	2.5667233671811118e-08	8.996418425037216e-11
4.0299999999999585	86.22092249425143	86.22092246823534	2.6016081733359897e-08	9.088883719717463e-11
4.039999999999958	87.25108561093373	87.25108558456436	2.636936358157982e-08	9.181349014397711e-11
4.049999999999958	88.29241409088802	88.29241406416087	2.672715027074446e-08	9.276845958083868e-11
4.059999999999958	89.34502215791412	89.34502213082466	2.7089456011708535e-08	9.369311252764116e-11
4.069999999999958	90.4090251837802	90.4090251563238	2.7456394491309766e-08	9.467839845456182e-11
4.079999999999957	91.48453969975992	91.48453967193194	2.7827979920402868e-08	9.56333678914234e-11
4.089999999999957	92.57168340828574	92.57168338008144	2.8204297564116132e-08	9.663381206337363e-11
4.099999999999957	93.67057519471919	93.67057516613382	2.858537584415899e-08	9.761909799029429e-11
4.109999999999957	94.7813351392396	94.7813351102683	2.897130002565973e-08	9.861954216224452e-11
4.119999999999957	95.90408452885212	95.90408449949003	2.9362098530327785e-08	9.965030282425383e-11
4.129999999999956	97.03894586951662	97.03894583975877	2.9757856623291445e-08	1.0065074699620406e-10
4.139999999999956	98.18604289839828	98.18604286823967	3.015861693711486e-08	1.0169666590324292e-10
4.149999999999956	99.34550059624152	99.34550056567706	3.056446473692631e-08	1.0272742656525225e-10
4.159999999999956	100.51744519986804	100.51744516889262	3.097541423358052e-08	1.0378850371732065e-10
4.1699999999999555	101.7020042148008	101.7020041834092	3.139159332476993e-08	1.0484958086938908e-10
4.179999999999955	102.89930642801447	102.89930639620145	3.1813016221349244e-08	1.059106580214575e-10
4.189999999999955	104.10948192081437	104.10948188857463	3.223973976673733e-08	1.0701720990861456e-10
4.199999999999955	105.33266208184472	105.33266204917287	3.267184922606248e-08	1.0809344530571252e-10
4.209999999999955	106.56897962022754	106.56897958711808	3.310945828616241e-08	1.0923031368292868e-10
4.2199999999999545	107.81856857883363	107.81856854528108	3.3552552736182406e-08	1.1033686557008574e-10
4.229999999999954	109.0815643476871	109.0815643136859	3.400120363039605e-08	1.1145857570227235e-10
4.239999999999954	110.35810367750447	110.35810364304893	3.445553886649577e-08	1.1261060232451806e-10
4.249999999999954	111.64832469336972	111.64832465845414	3.491557265533629e-08	1.1374747070173422e-10
4.259999999999954	112.95236690854705	112.95236687316564	3.538140447290061e-08	1.1491465556900948e-10
4.269999999999953	114.27037123843226	114.27037120257917	3.58530911626076e-08	1.1609699868131428e-10
4.279999999999953	115.60248001464446	115.60247997831374	3.633071798958554e-08	1.1727934179361909e-10
4.289999999999953	116.94883699925924	116.9488369624449	3.681434179725329e-08	1.1847684315095344e-10
4.299999999999953	118.30958739918515	118.3095873618811	3.730404785073915e-08	1.1968950275331735e-10
4.3099999999999525	119.68487788068435	119.68487784288448	3.7799878782607266e-08	1.209173206007108e-10
4.319999999999952	121.07485658403951	121.07485654573759	3.830191985798592e-08	1.221602966931338e-10
4.329999999999952	122.47967313836789	122.47967309955762	3.881027055285813e-08	1.2340327278555682e-10
4.339999999999952	123.89947867658432	123.89947863725934	3.9324987710642745e-08	1.2467656536803892e-10
4.349999999999952	125.33442585051475	125.33442581066859	3.984615659646806e-08	1.2593469970549147e-10
4.3599999999999515	126.78466884616142	126.78466880578758	4.037384826460766e-08	1.2723830877803267e-10
4.369999999999951	128.2503633991217	128.25036335821358	4.090813376933511e-08	1.2851160136051477e-10
4.379999999999951	129.73166681016176	129.7316667687126	4.144914100834285e-08	1.2984552692311504e-10
4.389999999999951	131.2287379609466	131.22873791894975	4.1996855770776165e-08	1.3114913599565624e-10
4.399999999999951	132.74173732992872	132.74173728737728	4.255144858689164e-08	1.3251337804831563e-10
4.40999999999995	134.2708270083957	134.27082696528277	4.31129478783987e-08	1.3387762010097503e-10
4.41999999999995	135.8161707166798	135.8161706729983	4.36814957538445e-08	1.3524186215363442e-10
4.42999999999995	137.3779338205298	137.3779337762727	4.4257092213229043e-08	1.366061042062938e-10
4.43999999999995	138.95628334764803	138.95628330280812	4.483990778680891e-08	1.380006627490123e-10
4.4499999999999496	140.55138800439306	140.5513879589631	4.5429970896293526e-08	1.393952212917308e-10
4.459999999999949	142.16341819265057	142.1634181466232	4.602736680681119e-08	1.408200963245084e-10
4.469999999999949	143.79254602687368	143.79254598024147	4.6632209205199615e-08	1.4224497135728598e-10
4.479999999999949	145.4389453512945	145.4389453040499	4.724461177829653e-08	1.4373047937018176e-10
4.489999999999949	147.10279175730875	147.10279170944412	4.7864631369520794e-08	1.4518567089301844e-10
4.4999999999999485	148.78426260103492	148.7842625525426	4.8492324822291266e-08	1.4667117890591421e-10
4.509999999999948	150.48353702105027	150.48353697192243	4.91278342451551e-08	1.4815668691881002e-10
4.519999999999948	152.2007959563046	152.20079590653333	4.9771273324950016e-08	1.4967251142176489e-10
4.529999999999948	153.9362221642144	153.93622211379173	5.0422670483385446e-08	1.5115801943466066e-10
4.539999999999948	155.6900002389387	155.69000018785655	5.108213940729911e-08	1.5273447691773375e-10
4.549999999999947	157.4623166298388	157.46231657808895	5.174985062694759e-08	1.5431093440080682e-10
4.559999999999947	159.25335966012307	159.25335960769726	5.242580414233089e-08	1.558570753938208e-10
4.569999999999947	161.06331954567966	161.06331949256952	5.311014206199616e-08	1.5746384936695297e-10
4.579999999999947	162.8923884140982	162.89238836029526	5.3802949651071685e-08	1.5904030685002606e-10
4.589999999999947	164.74076032388274	164.74076026937837	5.4504369018104626e-08	1.6067739731321731e-10
4.599999999999946	166.60863128385756	166.6086312286431	5.521445700651384e-08	1.623144877764086e-10
4.609999999999946	168.4961992727685	168.49619921683518	5.593332730313705e-08	1.6395157823959985e-10
4.619999999999946	170.40366425908087	170.40366420241978	5.666109359481197e-08	1.6561898519285023e-10
4.629999999999946	172.3312282209764	172.33122816357857	5.7397841146666906e-08	1.672863921461006e-10
4.6399999999999455	174.2790951665514	174.2790951084077	5.8143712067249e-08	1.6901443207946917e-10
4.649999999999945	176.24747115421755	176.24747109531873	5.889882004339597e-08	1.7074247201283772e-10
4.659999999999945	178.236564313308	178.23656425364476	5.966325034023612e-08	1.7247051194620628e-10
4.669999999999945	180.2465848648905	180.24658480445342	6.043708822289773e-08	1.7422886836963395e-10
4.679999999999945	182.27774514278968	182.27774508156918	6.122050422163738e-08	1.7598722479306161e-10
4.689999999999944	184.33025961482048	184.33025955280692	6.201355517987395e-08	1.7780621419660747e-10
4.699999999999944	186.4043449042354	186.40434484141895	6.281644004957343e-08	1.7959488711009423e-10
4.709999999999944	188.50021981138656	188.5002197477574	6.362915883073583e-08	1.814138765136401e-10
4.719999999999944	190.61810533560646	190.61810527115452	6.44519388970366e-08	1.8326318240724504e-10
4.729999999999944	192.7582246973076	192.7582246320228	6.528480867018516e-08	1.8511248830085e-10
4.739999999999943	194.92080336030506	194.92080329417712	6.612793868043809e-08	1.8702242717457314e-10
4.749999999999943	197.10606905436282	197.1060689873814	6.69814141929237e-08	1.8890204955823718e-10
4.759999999999943	199.3142517979672	199.31425173012173	6.78454625813174e-08	1.9084230492201945e-10
4.769999999999943	201.5455839213285	201.54558385260842	6.872008384561923e-08	1.927825602858017e-10
4.7799999999999425	203.80030008961467	203.80030002000922	6.960544851608574e-08	1.9472281564958393e-10
4.789999999999942	206.07863732641772	206.07863725591602	7.05016987012641e-08	1.9669338750342527e-10
4.799999999999942	208.38083503745636	208.38083496604742	7.140894808799203e-08	1.9869427584732572e-10
4.809999999999942	210.7071350345168	210.70713496218946	7.232733878481667e-08	2.0069516419122616e-10
4.819999999999942	213.05778155963404	213.05778148637705	7.325698447857576e-08	2.027263690251857e-10
4.8299999999999415	215.43302130951642	215.43302123531836	7.419805569952587e-08	2.0481820683926343e-10
4.839999999999941	217.8331034602154	217.83310338506473	7.515066613450472e-08	2.0687972816328208e-10
4.849999999999941	220.25827969204335	220.2582796159284	7.611495789205946e-08	2.090018824674189e-10
4.859999999999941	222.70880421474183	222.70880413765082	7.70910162373184e-08	2.1109372028149664e-10
4.869999999999941	225.18493379290285	225.1849337148238	7.807904012224753e-08	2.1324619107569258e-10
4.87999999999994	227.68692777164546	227.68692769256626	7.907920007710345e-08	2.154289783599476e-10
4.88999999999994	230.21504810255038	230.2150480224588	8.009158136701444e-08	2.1761176564420262e-10
4.89999999999994	232.76955936985556	232.76955928873923	8.111632610052766e-08	2.1982486941851674e-10
4.90999999999994	235.3507288169148	235.35072873476116	8.215363322960911e-08	2.2203797319283087e-10
4.9199999999999395	237.95882637292215	237.95882628971856	8.32035880193871e-08	2.242813934572041e-10
4.929999999999939	240.5941246799052	240.59412459563887	8.426633257840876e-08	2.2655513021163642e-10
4.939999999999939	243.25689911998958	243.2568990346475	8.534209428034956e-08	2.2888949994618693e-10
4.949999999999939	245.94742784293717	245.94742775650616	8.643101523375663e-08	2.3119355319067835e-10
4.959999999999939	248.6659917939614	248.66599170642823	8.753318070375826e-08	2.3352792292522886e-10
4.9699999999999385	251.41287474182218	251.41287465317336	8.864881806402991e-08	2.3592292563989756e-10
4.979999999999938	254.18836330720274	254.18836321742467	8.977806942311872e-08	2.3831792835456627e-10
4.989999999999938	256.9927469913721	256.99274690045104	9.092104846786242e-08	2.40712931069235e-10
4.999999999999938	259.82631820513546	259.8263181130575	9.207798257193645e-08	2.431382502739628e-10
5.009999999999938	262.6893722980755	262.68937220482644	9.324907068730681e-08	2.456242024588088e-10
