0.000000e+00 0.000000e+00
5.000000e-02 4.997917e-02
1.000000e-01 9.983342e-02
1.500000e-01 1.494381e-01
2.000000e-01 1.986693e-01
2.500000e-01 2.474040e-01
3.000000e-01 2.955202e-01
3.500000e-01 3.428978e-01
4.000000e-01 3.894183e-01
4.500000e-01 4.349655e-01
5.000000e-01 4.794255e-01
5.500000e-01 5.226872e-01
6.000000e-01 5.646425e-01
6.500000e-01 6.051864e-01
7.000000e-01 6.442177e-01
7.500000e-01 6.816388e-01
8.000000e-01 7.173561e-01
8.500000e-01 7.512804e-01
9.000000e-01 7.833269e-01
9.500000e-01 8.134155e-01
1.000000e+00 8.414710e-01
