2.5100000000000002
2.51
2.5100000000000016
2.51
2.5100000000000002
2.509999999999997
2.5100000000000007
2.5100000000000002
2.51
2.51
2.5099999999999985
2.51
2.5100000000000002
2.509999999999999
2.5099999999999993
2.5099999999999993
2.5100000000000007
2.509999999999999
2.51
2.510000000000001
2.5099999999999985
2.5100000000000002
2.5100000000000016
2.509999999999999
2.5099999999999993
2.509999999999999
2.5099999999999976
2.510000000000002
2.5099999999999976
2.5100000000000007
2.5100000000000007
2.5100000000000002
2.5099999999999993
2.51
2.5099999999999993
2.5100000000000007
2.5100000000000007
2.5100000000000002
2.5100000000000016
2.51
2.510000000000001
2.5100000000000016
2.510000000000002
2.5099999999999985
2.5099999999999993
2.5100000000000002
2.5099999999999993
2.509999999999999
2.509999999999999
2.51
2.5100000000000002
2.51
2.51
2.5099999999999993
2.51
2.5099999999999993
2.51
2.510000000000001
2.509999999999999
2.5100000000000007
2.509999999999999
2.5099999999999985
2.51
2.5099999999999993
2.5099999999999993
2.5100000000000002
2.5100000000000007
2.51
2.5099999999999993
2.5100000000000002
2.5100000000000002
2.51
2.5100000000000002
2.5100000000000007
2.5100000000000007
2.5100000000000002
2.509999999999999
2.509999999999999
2.5100000000000002
2.51
2.51
2.509999999999999
2.51
2.51
2.51
2.5099999999999993
2.5100000000000002
2.5099999999999993
2.51
2.509999999999999
2.5100000000000002
2.5100000000000002
2.51
2.5100000000000002
2.5100000000000002
2.5100000000000002
2.51
2.51
2.51
2.51
