0.5100000000000577
0.5100000000000487
0.5099999999999801
0.5100000000000744
0.5099999999999262
0.5099999999998425
0.510000000000044
0.5099999999999739
0.5099999999999982
0.5100000000001785
0.509999999999948
0.5099999999999487
0.5099999999999998
0.5099999999998647
0.5099999999998727
0.5100000000000868
0.5099999999999689
0.509999999999991
0.5100000000001305
0.5100000000001168
0.5100000000000082
0.5100000000000088
0.5099999999999443
0.5099999999999293
0.5099999999999801
0.5099999999999738
0.5099999999999437
0.5099999999999718
0.5099999999999959
0.5099999999998944
0.5099999999999637
0.5100000000000575
0.5100000000000577
0.5100000000000603
0.5100000000002375
0.509999999999944
0.5099999999999367
0.5100000000001315
0.5100000000000287
0.5100000000000884
0.5100000000000643
0.509999999999975
0.5099999999999378
0.5099999999999812
0.5099999999998425
0.50999999999988
0.5100000000000033
0.5099999999999301
0.5099999999999651
0.5099999999999681
0.5100000000000665
0.5100000000001123
0.5100000000000517
0.5099999999999302
0.5100000000001251
0.5099999999999281
0.5099999999999755
0.5100000000000339
0.5100000000000399
0.5099999999999565
0.5100000000000847
0.5100000000000481
0.509999999999781
0.5099999999999996
0.5099999999999537
0.5100000000000877
0.5100000000000129
0.5100000000002151
0.509999999999873
0.5099999999999597
0.509999999999918
0.5099999999999657
0.509999999999943
0.5099999999999872
0.5099999999999882
0.5099999999999955
0.5100000000000541
0.5100000000001252
0.5099999999999333
0.509999999999845
0.5099999999999357
0.5099999999999641
0.5100000000000501
0.5100000000000005
0.5100000000000489
0.5100000000000381
0.5100000000000844
0.509999999999911
0.5100000000000606
0.5100000000000635
0.5100000000000692
0.5099999999999092
0.5099999999999759
0.5100000000001009
0.5099999999999486
0.5100000000000353
0.5100000000000378
0.5100000000000605
0.5100000000000254
0.5099999999998872
