270.7701334190555
298.7875170742348
248.80901678677998
311.9428824580217
289.3669400876043
273.9969581609046
288.20778482592857
265.35916266411255
267.0178576991197
277.95157348888586
273.5731340429247
286.09381612205897
292.7760706574172
295.3707617913966
289.9587617739577
270.4635004192666
289.1854259258512
279.51016391512684
297.88405784640815
294.88610183055397
283.89826467575625
297.25978825837063
270.89653277348276
291.02854437402164
292.58704091871675
285.9034313675837
296.4992021525666
283.3968580064412
290.3116743856108
279.88858450522775
279.2780266383229
291.5847797192521
283.7634967477642
275.2778003199848
258.1600473169014
274.2853937658811
265.8198604362046
282.0071810007833
284.8015479424535
301.9467487568364
277.02087961555617
279.7678534463307
284.0268977565197
308.3107384646802
280.84731412892614
288.9100566174496
306.64696868981235
265.7765268625454
280.97115504902274
288.83133743864727
273.42163016753096
280.3727334290283
252.65557200191301
281.9853493785027
279.17335903608665
306.7757751190766
298.1354046501508
260.6119447976284
286.16126614519914
288.6256504770335
280.8720262669852
301.39686683246885
278.67546940346824
278.2590038647677
285.5017756016515
277.04885080532534
275.31325043526397
284.733170906938
268.00786655642213
282.27585156600156
286.8547821289198
290.10005814095695
286.25370255122584
269.78009802612905
279.87558519573344
286.08536971885843
275.47346025361014
272.2641618838312
289.28509377757825
289.571832036022
302.8911618446421
280.06378820199535
286.98046620889426
308.4619638584641
268.1331719287149
267.55087334113387
267.13984365823967
282.1965152072475
280.5184534671426
291.8990007667983
260.34088742916464
278.9627070931765
298.44222720862933
276.3713450047885
281.1284232580373
285.012166167835
282.81160610630974
278.72061441903867
288.7434198632104
277.6164744635034
